#,energy,(keV)	err_energy,(keV)	flux_data,(ph,cm^-2,s^-1,keV^-1)	err_flux,(ph,cm^-2,s^-1,keV^-1)		flux_model,(ph,cm^-2,s^-1,keV^-1)
2.00377989,2.48992443E-3,1.39322144E-3,7.21267934E-5,1.31033757E-3
2.00875497,2.48503685E-3,1.37663446E-3,7.12552719E-5,1.30358012E-3
2.01372504,2.48503685E-3,1.25953869E-3,6.95311974E-5,1.28325319E-3
2.01870012,2.48992443E-3,1.24897028E-3,6.95338022E-5,1.28325319E-3
2.02367496,2.48503685E-3,1.4320768E-3,7.24537458E-5,1.27710414E-3
2.02865005,2.49004364E-3,1.37326447E-3,7.39072711E-5,1.25690526E-3
2.03362513,2.48491764E-3,1.49835192E-3,7.60227413E-5,1.25690526E-3
2.03859997,2.49004364E-3,1.3918333E-3,7.3334726E-5,1.25129404E-3
2.04358006,2.48992443E-3,1.39752438E-3,7.25200443E-5,1.2312691E-3
2.0485549,2.48503685E-3,1.33943337E-3,7.0240385E-5,1.2312691E-3
2.05352998,2.49004364E-3,1.21255207E-3,6.96301722E-5,1.22615963E-3
2.05851007,2.49004364E-3,1.40594016E-3,7.02737816E-5,1.20632118E-3
2.06348991,2.48992443E-3,1.31343014E-3,7.11999819E-5,1.20632118E-3
2.06847,2.49004364E-3,1.35090458E-3,7.37613736E-5,1.20163977E-3
2.07345009,2.48992443E-3,1.17926963E-3,7.16073409E-5,1.1820388E-3
2.07842994,2.49004364E-3,1.2109183E-3,6.98246658E-5,1.1820388E-3
2.08340979,2.48992443E-3,1.27012318E-3,7.07170911E-5,1.17776764E-3
2.08838987,2.49004364E-3,1.20701932E-3,6.75347692E-5,1.15840009E-3
2.09336996,2.49004364E-3,1.34074956E-3,7.19104282E-5,1.15840009E-3
2.09835005,2.49004364E-3,1.35136419E-3,7.11769244E-5,1.15451717E-3
2.10333014,2.49004364E-3,1.30575185E-3,7.13489208E-5,1.1353842E-3
2.10831022,2.48992443E-3,1.2458791E-3,6.83804174E-5,1.1353842E-3
2.11329007,2.49004364E-3,1.22786791E-3,6.88301079E-5,1.13187335E-3
2.11827517,2.49493122E-3,1.27567293E-3,6.84163169E-5,1.11297087E-3
2.12326002,2.49004364E-3,1.23935333E-3,6.7695968E-5,1.11297087E-3
2.12824011,2.48992443E-3,1.27660437E-3,7.03250844E-5,1.10977166E-3
2.13321996,2.49004364E-3,1.17148994E-3,6.73776012E-5,1.0911409E-3
2.13820505,2.49493122E-3,1.18925865E-3,6.91756723E-5,1.0911409E-3
2.14318991,2.49004364E-3,1.15419447E-3,6.79867371E-5,1.08823739E-3
2.14817476,2.49493122E-3,1.16829155E-3,6.78277283E-5,1.06987555E-3
2.15315986,2.49004364E-3,1.2279147E-3,6.81709644E-5,1.06987555E-3
2.15814495,2.49505043E-3,1.20808778E-3,6.82397585E-5,1.0672186E-3
2.16313004,2.49004364E-3,1.12420623E-3,6.70519294E-5,1.04915688E-3
2.16811514,2.49505043E-3,1.05471362E-3,6.7209563E-5,1.04915688E-3
2.17309999,2.48992443E-3,1.26903399E-3,6.99431257E-5,1.0470394E-3
2.17808509,2.49505043E-3,1.13063538E-3,6.50191214E-5,1.03128748E-3
2.18307495,2.49493122E-3,1.11010729E-3,6.81009697E-5,1.03128748E-3
2.18806005,2.49004364E-3,1.15192239E-3,6.73589893E-5,1.02266797E-3
2.19304514,2.49493122E-3,1.06814608E-3,6.92379836E-5,1.01527141E-3
2.198035,2.49505043E-3,1.24884711E-3,7.24495912E-5,1.00858044E-3
2.20302486,2.49493122E-3,9.91171109E-4,6.43393869E-5,1.00215164E-3
2.20800996,2.49004364E-3,1.07674301E-3,6.70590016E-5,9.95783601E-4
2.21299505,2.49505043E-3,1.12968229E-3,6.71788803E-5,9.89469001E-4
2.21798515,2.49493122E-3,1.03445526E-3,6.89898807E-5,9.83201433E-4
2.22297502,2.49505043E-3,1.06950942E-3,7.18311348E-5,9.76986485E-4
2.22796488,2.49493122E-3,1.1234578E-3,6.90006345E-5,9.70823632E-4
2.23295498,2.49505043E-3,9.25493077E-4,6.49923968E-5,9.64712293E-4
2.23794508,2.49493122E-3,9.9506753E-4,6.87511929E-5,9.58652061E-4
2.24293494,2.49505043E-3,1.06356537E-3,7.07076033E-5,9.52642236E-4
2.2479248,2.49493122E-3,1.03133509E-3,7.02394173E-5,9.4668247E-4
2.25291491,2.49505043E-3,1.07107405E-3,7.31255859E-5,9.40772123E-4
2.25790501,2.49493122E-3,1.03717123E-3,6.82997634E-5,9.34910728E-4
2.26289487,2.49505043E-3,9.95066133E-4,6.83213439E-5,9.2909782E-4
2.26788473,2.49493122E-3,9.45068838E-4,7.15305505E-5,9.23332875E-4
2.27287483,2.49516964E-3,9.15691431E-4,7.04843042E-5,9.17615194E-4
2.27786517,2.49505043E-3,9.05708177E-4,7.64543511E-5,9.11944429E-4
2.28285503,2.49493122E-3,1.03651511E-3,7.39778116E-5,9.06320463E-4
2.28784513,2.49505043E-3,9.36559984E-4,7.17521107E-5,9.00742481E-4
2.29283524,2.49493122E-3,1.02112954E-3,7.60360927E-5,8.95210134E-4
2.2978251,2.49505043E-3,9.11725976E-4,6.96306306E-5,8.89722782E-4
2.30282021,2.49993801E-3,9.22816107E-4,7.13643021E-5,8.8427437E-4
2.30781507,2.49505043E-3,9.28110268E-4,7.12650872E-5,8.78870953E-4
2.31280518,2.49493122E-3,8.90867668E-4,7.011665E-5,8.73516372E-4
2.31779504,2.49505043E-3,9.62340564E-4,7.52234773E-5,8.68205098E-4
2.32279015,2.49993801E-3,9.87731037E-4,7.42563207E-5,8.62931076E-4
2.32778502,2.49505043E-3,7.96350942E-4,6.8989888E-5,8.57700361E-4
2.33277512,2.49493122E-3,9.10971488E-4,7.39193711E-5,8.52516619E-4
2.33776999,2.50005722E-3,8.56775325E-4,7.55040091E-5,8.47368792E-4
2.34276485,2.49493122E-3,8.5393578E-4,7.38137387E-5,8.42263224E-4
2.34775496,2.49505043E-3,1.0310004E-3,8.07538163E-5,8.37203057E-4
2.35274982,2.49993801E-3,9.16127639E-4,7.36437942E-5,8.32177873E-4
2.35774493,2.49505043E-3,8.81145592E-4,7.85244192E-5,8.27193668E-4
2.36273503,2.49505043E-3,9.70282475E-4,7.64638025E-5,8.22253467E-4
2.36773014,2.49993801E-3,9.38262558E-4,7.47160957E-5,8.17347202E-4
2.37272501,2.49505043E-3,7.71130028E-4,6.99834636E-5,8.12480808E-4
2.37771988,2.49993801E-3,9.46295506E-4,7.39594252E-5,8.07651959E-4
2.38271499,2.49505043E-3,8.32656806E-4,6.95353156E-5,8.02862225E-4
2.38771009,2.49993801E-3,9.7183336E-4,7.5334181E-5,7.9810922E-4
2.39270496,2.49505043E-3,8.01101385E-4,6.88570653E-5,7.93394691E-4
2.39769506,2.49493122E-3,8.01449409E-4,7.18171505E-5,7.88369274E-4
2.40268993,2.50005722E-3,9.19027254E-4,7.27888546E-5,7.829229E-4
2.4076848,2.49493122E-3,8.02108785E-4,7.11620814E-5,7.78044923E-4
2.41267991,2.50005722E-3,8.28656775E-4,6.96829011E-5,7.77612615E-4
2.41767502,2.49493122E-3,8.26154544E-4,7.20075768E-5,7.66037032E-4
2.42266989,2.50005722E-3,7.93154351E-4,7.06959545E-5,7.66037032E-4
2.42767,2.49993801E-3,9.28686699E-4,7.41703843E-5,7.65585341E-4
2.43266487,2.49505043E-3,8.13754392E-4,6.86148414E-5,7.52733438E-4
2.43765974,2.49993801E-3,8.30092526E-4,7.350745E-5,7.52733438E-4
2.44265485,2.49505043E-3,8.80618114E-4,7.18562733E-5,7.52342807E-4
2.44764996,2.50005722E-3,7.80177303E-4,6.87460779E-5,7.39735842E-4
2.45264482,2.49493122E-3,8.1903406E-4,6.85740815E-5,7.39735842E-4
2.45763993,2.50005722E-3,7.61726929E-4,7.19888412E-5,7.39380368E-4
2.46263981,2.49993801E-3,7.27307226E-4,6.94366972E-5,7.27035687E-4
2.46763492,2.49505043E-3,7.98433786E-4,7.39652751E-5,7.27035687E-4
2.47263002,2.49993801E-3,8.31619836E-4,6.93936381E-5,7.26701808E-4
2.4776299,2.50005722E-3,7.92047358E-4,7.04378181E-5,7.14188325E-4
2.48262501,2.49505043E-3,7.12575857E-4,6.38816564E-5,7.14188325E-4
2.48762012,2.50005722E-3,7.59686227E-4,6.69591755E-5,7.1388681E-4
2.49261999,2.49993801E-3,7.07225408E-4,6.35229953E-5,7.0164213E-4
2.4976151,2.49505043E-3,7.13316083E-4,6.39145583E-5,7.0164213E-4
2.50261021,2.49993801E-3,7.46901322E-4,6.58200879E-5,7.01382E-4
2.50761008,2.50005722E-3,7.11348956E-4,6.23776068E-5,6.89809676E-4
2.51260519,2.49493122E-3,7.58304668E-4,6.51369774E-5,6.89809676E-4
2.51760006,2.50005722E-3,9.1389945E-4,6.93899128E-5,6.8957801E-4
2.52260017,2.49993801E-3,6.58466248E-4,6.25529065E-5,6.78241777E-4
2.52760005,2.50005722E-3,7.81332899E-4,6.68714565E-5,6.78241777E-4
2.53259516,2.49493122E-3,7.42246106E-4,6.52124436E-5,6.7803805E-4
2.53759003,2.50005722E-3,7.67093094E-4,6.96276038E-5,6.66931155E-4
2.54259014,2.50005722E-3,7.28321262E-4,6.5609187E-5,6.66931155E-4
2.54759026,2.49993801E-3,7.36370625E-4,6.43848762E-5,6.66731794E-4
2.55258512,2.49505043E-3,7.75619177E-4,6.53526804E-5,6.5587071E-4
2.55757999,2.49993801E-3,6.94255636E-4,6.20850042E-5,6.5587071E-4
2.56258011,2.50005722E-3,6.11337775E-4,6.20988139E-5,6.55697426E-4
2.56758022,2.49993801E-3,6.7072449E-4,6.34755997E-5,6.45053573E-4
2.57257509,2.49505043E-3,7.8604609E-4,6.54579781E-5,6.45053573E-4
2.57756996,2.49993801E-3,6.91155787E-4,6.35740216E-5,6.4490526E-4
2.58257008,2.50005722E-3,7.16935727E-4,6.58469799E-5,6.34473108E-4
2.58757019,2.49993801E-3,7.79669033E-4,6.85053456E-5,6.34473108E-4
2.59257007,2.50005722E-3,7.80439237E-4,6.63599276E-5,6.34328055E-4
2.59756994,2.49993801E-3,6.684814E-4,6.07717484E-5,6.24122971E-4
2.60256505,2.49505043E-3,5.87609888E-4,5.63803915E-5,6.24122971E-4
2.60756016,2.49993801E-3,6.98582269E-4,6.26245455E-5,6.24001259E-4
2.61256003,2.50005722E-3,5.51633246E-4,5.67323004E-5,6.13996875E-4
2.61755991,2.49993801E-3,6.38963073E-4,5.94882367E-5,6.13996875E-4
2.62256002,2.50005722E-3,7.0029241E-4,6.67352215E-5,6.13877783E-4
2.62755489,2.49493122E-3,6.48124143E-4,5.79341904E-5,6.04088767E-4
2.63255,2.50005722E-3,5.92206023E-4,5.95027705E-5,6.04088767E-4
2.63754988,2.49993801E-3,7.09818152E-4,6.15803947E-5,6.03992143E-4
2.64254999,2.50005722E-3,6.61403174E-4,6.3632564E-5,5.94393001E-4
2.64755011,2.50005722E-3,6.37875695E-4,6.18009726E-5,5.94393001E-4
2.65255022,2.49993801E-3,6.08637987E-4,5.55124789E-5,5.94297948E-4
2.6575501,2.50005722E-3,7.10830442E-4,6.39384598E-5,5.84903813E-4
2.6625452,2.49493122E-3,6.04507863E-4,5.77636893E-5,5.84903813E-4
2.66754007,2.50005722E-3,6.58468343E-4,5.92225151E-5,5.84829424E-4
2.67254019,2.49993801E-3,7.18089403E-4,6.30902214E-5,5.7561585E-4
2.67754006,2.50005722E-3,5.73642435E-4,5.69448348E-5,5.7561585E-4
2.68253994,2.49993801E-3,7.04578764E-4,5.99283885E-5,5.75542974E-4
2.68754005,2.50005722E-3,6.06789661E-4,6.07744805E-5,5.66523697E-4
2.69254017,2.49993801E-3,5.29616489E-4,6.00804342E-5,5.66523697E-4
2.69754004,2.50005722E-3,5.18849294E-4,5.59835207E-5,5.66452392E-4
2.70253992,2.49993801E-3,6.40384969E-4,6.34156095E-5,5.57622348E-4
2.70753503,2.49505043E-3,5.30787918E-4,5.87141003E-5,5.57622348E-4
2.71253014,2.49993801E-3,6.49919908E-4,6.10258394E-5,5.57569962E-4
2.71753001,2.50005722E-3,5.35072468E-4,5.72877507E-5,5.48906799E-4
2.72252989,2.49993801E-3,6.24688633E-4,6.26954497E-5,5.48906799E-4
2.72753,2.50005722E-3,5.95551857E-4,6.12874137E-5,5.48855518E-4
2.73253012,2.49993801E-3,5.66482311E-4,5.60719018E-5,5.40372217E-4
2.73752999,2.50005722E-3,6.26555644E-4,6.0764407E-5,5.40372217E-4
2.74252987,2.49993801E-3,5.72872523E-4,6.20887295E-5,5.40321984E-4
2.74752998,2.50005722E-3,6.3218642E-4,6.12397489E-5,5.32013946E-4
2.7525301,2.49993801E-3,6.22676278E-4,6.25453031E-5,5.32013946E-4
2.75752497,2.49505043E-3,5.4168707E-4,5.66463023E-5,5.31981059E-4
2.76252007,2.50005722E-3,4.9899891E-4,5.94800986E-5,5.23827446E-4
2.76751995,2.49993801E-3,5.28638077E-4,5.71905002E-5,5.23827446E-4
2.77252007,2.50005722E-3,6.07278198E-4,6.05118039E-5,5.23795316E-4
2.77752018,2.49993801E-3,5.07850433E-4,5.41189765E-5,5.1580841E-4
2.78252006,2.50005722E-3,5.39618894E-4,5.56986015E-5,5.1580841E-4
2.78751993,2.49993801E-3,6.48557034E-4,6.09616473E-5,5.15776919E-4
2.79252005,2.50005722E-3,5.81845117E-4,6.23113883E-5,5.07952587E-4
2.79752016,2.49993801E-3,6.50670729E-4,6.23678861E-5,5.07952587E-4
2.80252004,2.50005722E-3,4.86104283E-4,5.50025834E-5,5.07921737E-4
2.80751991,2.49993801E-3,5.96520142E-4,6.18349077E-5,5.00255788E-4
2.81252003,2.50005722E-3,5.61457069E-4,6.13545562E-5,5.00255788E-4
2.81752014,2.49993801E-3,5.27949771E-4,5.57248932E-5,5.00225578E-4
2.82252002,2.50005722E-3,4.33357985E-4,5.66511517E-5,4.92709049E-4
2.82751989,2.49993801E-3,5.74603735E-4,5.78019353E-5,4.92709049E-4
2.83252001,2.50005722E-3,5.16502361E-4,5.52718011E-5,4.92679421E-4
2.83751488,2.49493122E-3,5.19607915E-4,5.63233152E-5,4.85313678E-4
2.84250998,2.50005722E-3,5.79315179E-4,6.01128522E-5,4.85313678E-4
2.84750986,2.49993801E-3,5.52563928E-4,5.81132954E-5,4.85299155E-4
2.85250998,2.50005722E-3,5.42469206E-4,5.86432725E-5,4.7807084E-4
2.85751009,2.49993801E-3,4.83729498E-4,5.43115821E-5,4.7807084E-4
2.86250997,2.50005722E-3,5.34009014E-4,5.75897757E-5,4.78056609E-4
2.86750984,2.49993801E-3,4.75105626E-4,5.92699398E-5,4.70971689E-4
2.87250996,2.50005722E-3,5.74398902E-4,5.50138502E-5,4.70971689E-4
2.87751007,2.50005722E-3,5.52874466E-4,6.00482708E-5,4.70957748E-4
2.88251019,2.49993801E-3,4.78436879E-4,5.11954495E-5,4.64012846E-4
2.88751006,2.50005722E-3,5.75017184E-4,5.39702596E-5,4.64012846E-4
2.89250994,2.49993801E-3,4.72523068E-4,5.60430781E-5,4.63999168E-4
2.89751005,2.50005722E-3,5.19343594E-4,5.7439931E-5,4.57190763E-4
2.90251017,2.49993801E-3,5.76404156E-4,5.74166479E-5,4.57190763E-4
2.90751004,2.50005722E-3,5.53663936E-4,5.42316375E-5,4.57177375E-4
2.91250992,2.49993801E-3,5.82525798E-4,5.62573696E-5,4.5050215E-4
2.91751003,2.50005722E-3,5.41313319E-4,5.30150392E-5,4.5050215E-4
2.92251015,2.49993801E-3,5.35302097E-4,5.61661145E-5,4.50489024E-4
2.92751002,2.50005722E-3,5.41017274E-4,5.31192491E-5,4.43943747E-4
2.9325099,2.49993801E-3,4.99565038E-4,5.1467734E-5,4.43943747E-4
2.93751001,2.50005722E-3,5.50990924E-4,5.43560818E-5,4.43930854E-4
2.94251013,2.49993801E-3,4.46080579E-4,5.03076553E-5,4.37512383E-4
2.94751,2.50005722E-3,4.21410572E-4,5.56084451E-5,4.37512383E-4
2.95250988,2.49993801E-3,4.82804782E-4,5.19974383E-5,4.37499752E-4
2.95750999,2.50005722E-3,4.56381124E-4,5.28161036E-5,4.31205E-4
2.96251011,2.49993801E-3,4.23857942E-4,5.06502984E-5,4.31205E-4
2.96750998,2.50005722E-3,4.7050271E-4,5.13359519E-5,4.31192631E-4
2.97250986,2.49993801E-3,4.98936279E-4,4.92189538E-5,4.2501869E-4
2.97750998,2.50005722E-3,4.54423163E-4,5.217941E-5,4.2501869E-4
2.98251009,2.49993801E-3,4.5771242E-4,4.98605878E-5,4.25006525E-4
2.98750997,2.50005722E-3,4.08459135E-4,4.7734924E-5,4.18950513E-4
2.99250984,2.49993801E-3,3.60140868E-4,4.60285883E-5,4.18950513E-4
2.99750996,2.50005722E-3,5.36462525E-4,5.45066869E-5,4.1893858E-4
3.00251007,2.50005722E-3,4.14610782E-4,4.87733632E-5,4.12997615E-4
3.00751019,2.49993801E-3,4.92867199E-4,5.24354837E-5,4.12997615E-4
3.01250505,2.49505043E-3,4.25136241E-4,4.8682632E-5,4.12997615E-4
3.01749992,2.49993801E-3,4.46210615E-4,5.12876468E-5,4.07157379E-4
3.02250004,2.50005722E-3,4.43714671E-4,4.87866637E-5,4.07157379E-4
3.02750015,2.49993801E-3,4.20841563E-4,5.1755942E-5,4.07157379E-4
3.03250003,2.50005722E-3,5.30187623E-4,5.25290598E-5,4.01427125E-4
3.0374999,2.49993801E-3,4.18319163E-4,5.23139024E-5,4.01427125E-4
3.04250002,2.50005722E-3,3.98441713E-4,4.90608836E-5,4.01427125E-4
3.04750013,2.49993801E-3,4.55438363E-4,5.39882276E-5,3.95804236E-4
3.05250001,2.50005722E-3,3.91906302E-4,4.89965641E-5,3.95804236E-4
3.05749989,2.49993801E-3,5.03411866E-4,4.97036563E-5,3.95804236E-4
3.0625,2.50005722E-3,4.37348819E-4,4.78468246E-5,3.90286266E-4
3.06750011,2.49993801E-3,4.61973017E-4,5.26673284E-5,3.90286266E-4
3.07249999,2.50005722E-3,5.20106172E-4,5.28111523E-5,3.90286266E-4
3.07749987,2.49993801E-3,4.36916016E-4,4.75347988E-5,3.84870742E-4
3.08249998,2.50005722E-3,4.17324307E-4,5.05138778E-5,3.84870742E-4
3.0875001,2.49993801E-3,4.43882105E-4,5.22950977E-5,3.84870742E-4
3.09249997,2.50005722E-3,3.91442678E-4,4.98014124E-5,3.79555335E-4
3.09749985,2.49993801E-3,4.37831157E-4,4.90454186E-5,3.79555335E-4
3.10249996,2.50005722E-3,3.77497723E-4,4.66382116E-5,3.79555335E-4
3.10750008,2.49993801E-3,4.24640632E-4,5.15976244E-5,3.74337687E-4
3.11249995,2.50005722E-3,3.52938718E-4,5.00111528E-5,3.74337687E-4
3.11749983,2.49993801E-3,4.06224135E-4,5.02643888E-5,3.74337687E-4
3.12249994,2.50005722E-3,4.43341967E-4,5.04290765E-5,3.69215617E-4
3.12750006,2.50005722E-3,3.99788289E-4,5.02262192E-5,3.69215617E-4
3.13250017,2.49993801E-3,3.53181531E-4,4.78904476E-5,3.69215617E-4
3.13750005,2.50005722E-3,3.5032889E-4,5.1576164E-5,3.64186883E-4
3.14249992,2.49993801E-3,3.01796506E-4,4.55814625E-5,3.64186883E-4
3.14750004,2.50005722E-3,3.74893862E-4,4.45456353E-5,3.64186883E-4
3.15250015,2.49993801E-3,4.25019214E-4,5.38886852E-5,3.59249447E-4
3.15750003,2.50005722E-3,3.24975786E-4,4.57473252E-5,3.59249447E-4
3.1624999,2.49993801E-3,3.91550973E-4,5.05711432E-5,3.59249447E-4
3.16750002,2.50005722E-3,4.13242989E-4,4.97283654E-5,3.54401214E-4
3.17250013,2.49993801E-3,3.86402942E-4,4.89354679E-5,3.54401214E-4
3.17750001,2.50005722E-3,4.15637856E-4,4.62164426E-5,3.54401214E-4
3.18249989,2.49993801E-3,3.42825166E-4,4.25559156E-5,3.49640206E-4
3.1875,2.50005722E-3,3.56454577E-4,4.77229332E-5,3.49640206E-4
3.19250011,2.49993801E-3,3.84733517E-4,4.71684907E-5,3.49640206E-4
3.19749999,2.50005722E-3,4.12997295E-4,5.02848125E-5,3.44929402E-4
3.20249987,2.49993801E-3,3.36768338E-4,4.19215685E-5,3.44929402E-4
3.20749998,2.50005722E-3,3.71506001E-4,4.82944561E-5,3.44929402E-4
3.2125001,2.49993801E-3,3.47954367E-4,4.72072352E-5,3.40303231E-4
3.21749997,2.50005722E-3,2.79371947E-4,4.47819184E-5,3.40303231E-4
3.22249985,2.49993801E-3,3.88951186E-4,5.11634571E-5,3.40303231E-4
3.22749996,2.50005722E-3,4.31109656E-4,5.04550226E-5,3.35793826E-4
3.23250008,2.49993801E-3,3.13895434E-4,4.99041889E-5,3.35793826E-4
3.23749995,2.50005722E-3,3.36674508E-4,4.29930624E-5,3.35793826E-4
3.24249983,2.49993801E-3,3.39638791E-4,4.3826778E-5,3.31364048E-4
3.24749994,2.50005722E-3,2.98661238E-4,4.82852229E-5,3.31364048E-4
3.25250006,2.50005722E-3,3.88560555E-4,4.48089268E-5,3.31364048E-4
3.25750017,2.49993801E-3,3.42619518E-4,4.82190007E-5,3.27012211E-4
3.26250005,2.50005722E-3,3.90265282E-4,4.9303766E-5,3.27012211E-4
3.26749992,2.49993801E-3,3.27590707E-4,4.22206322E-5,3.27012211E-4
3.27250004,2.50005722E-3,3.33718752E-4,4.56925263E-5,3.22736596E-4
3.27750015,2.49993801E-3,3.44483356E-4,4.2332038E-5,3.22736596E-4
3.28250003,2.50005722E-3,4.23536403E-4,4.8750233E-5,3.22736596E-4
3.2874999,2.49993801E-3,3.50662856E-4,4.58289869E-5,3.18535516E-4
3.29250002,2.50005722E-3,3.48014291E-4,4.40932927E-5,3.18535516E-4
3.29750013,2.49993801E-3,4.05598636E-4,4.76991518E-5,3.18535516E-4
3.30250001,2.50005722E-3,3.61368468E-4,5.25677642E-5,3.14407342E-4
3.30749989,2.49993801E-3,3.8405598E-4,4.82689356E-5,3.14407342E-4
3.3125,2.50005722E-3,3.41091334E-4,4.38362295E-5,3.14407342E-4
3.31750011,2.49993801E-3,4.28689382E-4,5.04188392E-5,3.1035053E-4
3.32249999,2.50005722E-3,3.27482325E-4,4.23407764E-5,3.1035053E-4
3.32749987,2.49993801E-3,3.21573258E-4,4.52474051E-5,3.1035053E-4
3.33249998,2.50005722E-3,3.15483281E-4,4.17694428E-5,3.06363509E-4
3.3375001,2.49993801E-3,3.95396404E-4,4.78719339E-5,3.06363509E-4
3.34249997,2.50005722E-3,2.72998121E-4,4.58414506E-5,3.06363509E-4
3.34749985,2.49993801E-3,3.86313099E-4,4.69629449E-5,3.02444823E-4
3.35249996,2.50005722E-3,3.45311739E-4,4.6470901E-5,3.02444823E-4
3.35750008,2.49993801E-3,3.85356339E-4,4.96903922E-5,3.02444823E-4
3.36249995,2.50005722E-3,3.81534104E-4,4.95939385E-5,2.9859299E-4
3.36749983,2.49993801E-3,3.20480904E-4,4.13309535E-5,2.9859299E-4
3.37249994,2.50005722E-3,3.86066095E-4,4.85878772E-5,2.9859299E-4
3.37750006,2.50005722E-3,3.55961674E-4,4.44280413E-5,2.94806581E-4
3.38250017,2.49993801E-3,3.58582969E-4,4.44336038E-5,2.94806581E-4
3.38750005,2.50005722E-3,3.43466556E-4,4.83682743E-5,2.94806581E-4
3.39249992,2.49993801E-3,3.41524457E-4,4.21173754E-5,2.9108423E-4
3.39750004,2.50005722E-3,2.69693322E-4,4.59718249E-5,2.9108423E-4
3.40250015,2.49993801E-3,2.63433874E-4,4.1571584E-5,2.9108423E-4
3.40750003,2.50005722E-3,3.6756249E-4,4.475678E-5,2.87424598E-4
3.4124999,2.49993801E-3,3.18004953E-4,4.82541291E-5,2.87424598E-4
3.41750002,2.50005722E-3,3.15145589E-4,4.36230766E-5,2.87424598E-4
3.42250013,2.49993801E-3,3.34895973E-4,4.38681673E-5,2.83826346E-4
3.42750001,2.50005722E-3,2.74416961E-4,4.44222605E-5,2.83826346E-4
3.43249989,2.49993801E-3,2.35383399E-4,4.13524722E-5,2.83826346E-4
3.4375,2.50005722E-3,3.2268645E-4,4.03861886E-5,2.80288194E-4
3.44250011,2.49993801E-3,2.99322564E-4,4.13535308E-5,2.80288194E-4
3.44749999,2.50005722E-3,2.96671729E-4,4.12578192E-5,2.80288194E-4
3.45249987,2.49993801E-3,3.24940193E-4,4.38032657E-5,2.76808889E-4
3.45749998,2.50005722E-3,3.0130861E-4,4.34566318E-5,2.76808889E-4
3.4625001,2.49993801E-3,2.43279588E-4,3.63082981E-5,2.76808889E-4
3.46749997,2.50005722E-3,3.26328911E-4,4.92704276E-5,2.73387239E-4
3.47249985,2.49993801E-3,2.81013548E-4,4.02488913E-5,2.73387239E-4
3.47749996,2.50005722E-3,3.15159297E-4,4.10018438E-5,2.73387239E-4
3.48250008,2.49993801E-3,2.64277711E-4,4.22918929E-5,2.70022021E-4
3.48749995,2.50005722E-3,2.51496735E-4,3.94222188E-5,2.70022021E-4
3.49249983,2.49993801E-3,3.15337384E-4,4.13497037E-5,2.70022021E-4
3.49749994,2.50005722E-3,2.59224296E-4,3.83192964E-5,2.66712101E-4
3.50250006,2.50005722E-3,2.28154138E-4,4.16195071E-5,2.66712101E-4
3.50750017,2.49993801E-3,3.67877103E-4,4.55098198E-5,2.66712101E-4
3.51250005,2.50005722E-3,2.67381343E-4,4.06036197E-5,2.63456284E-4
3.51749992,2.49993801E-3,2.36020685E-4,3.47232526E-5,2.63456284E-4
3.52250004,2.50005722E-3,2.68701493E-4,4.792244E-5,2.63456284E-4
3.52750015,2.49993801E-3,3.16785125E-4,3.96406103E-5,2.60253553E-4
3.53250003,2.50005722E-3,2.06281213E-4,4.09416025E-5,2.60253553E-4
3.5374999,2.49993801E-3,2.49804871E-4,4.10050561E-5,2.60253553E-4
3.54250002,2.50005722E-3,3.11773794E-4,4.34286994E-5,2.57102802E-4
3.54750013,2.49993801E-3,3.59660306E-4,4.95983004E-5,2.57102802E-4
3.55250001,2.50005722E-3,2.44214258E-4,3.9764549E-5,2.57102802E-4
3.55749989,2.49993801E-3,2.56900181E-4,4.11881592E-5,2.54002953E-4
3.5625,2.50005722E-3,3.1275177E-4,4.21356781E-5,2.54002953E-4
3.56750011,2.49993801E-3,2.78354622E-4,4.21363948E-5,2.54002953E-4
3.57249999,2.50005722E-3,3.10432049E-4,4.38978204E-5,2.50953017E-4
3.57749987,2.49993801E-3,2.5312553E-4,4.04787061E-5,2.50953017E-4
3.58249998,2.50005722E-3,2.3706707E-4,3.94717863E-5,2.50953017E-4
3.5875001,2.49993801E-3,2.51559279E-4,3.88344852E-5,2.47951975E-4
3.59249997,2.50005722E-3,3.18186852E-4,4.06761574E-5,2.47951975E-4
3.59749985,2.49993801E-3,2.4189071E-4,4.11125802E-5,2.47951975E-4
3.60249996,2.50005722E-3,3.95308714E-4,4.37335111E-5,2.44998839E-4
3.60750008,2.49993801E-3,3.32289404E-4,4.31551634E-5,2.44998839E-4
3.61249995,2.50005722E-3,3.11001524E-4,4.78588227E-5,2.44998839E-4
3.61749983,2.49993801E-3,3.15852929E-4,4.28987587E-5,2.42092647E-4
3.62249994,2.50005722E-3,2.95199017E-4,4.16797739E-5,2.42092647E-4
3.62750006,2.50005722E-3,2.54278624E-4,3.78045879E-5,2.42092647E-4
3.63250017,2.49993801E-3,3.03443871E-4,3.74644515E-5,2.39232511E-4
3.63750005,2.50005722E-3,1.69760635E-4,3.93774753E-5,2.39232511E-4
3.64249992,2.49993801E-3,2.59271765E-4,3.75955206E-5,2.39232511E-4
3.64750004,2.50005722E-3,2.60972796E-4,3.81801547E-5,2.36417487E-4
3.65250015,2.49993801E-3,3.01186315E-4,4.53313914E-5,2.36417487E-4
3.65750003,2.50005722E-3,2.71453202E-4,3.81525933E-5,2.36417487E-4
3.6624999,2.49993801E-3,2.19895039E-4,3.60983613E-5,2.33646701E-4
3.66750002,2.50005722E-3,2.59126682E-4,3.54887015E-5,2.33646701E-4
3.67250013,2.49993801E-3,2.05712175E-4,4.18886448E-5,2.33646701E-4
3.67750001,2.50005722E-3,2.46241456E-4,3.64300977E-5,2.30919293E-4
3.68249989,2.49993801E-3,2.70510325E-4,3.69600384E-5,2.30919293E-4
3.6875,2.50005722E-3,2.43332674E-4,4.09966888E-5,2.30919293E-4
3.69250011,2.49993801E-3,2.51507416E-4,3.68261717E-5,2.28234392E-4
3.69749999,2.50005722E-3,2.55853985E-4,3.86662105E-5,2.28234392E-4
3.70249987,2.49993801E-3,2.26019212E-4,3.62254432E-5,2.28234392E-4
3.70749998,2.50005722E-3,2.59661581E-4,3.83918341E-5,2.25591197E-4
3.7125001,2.49993801E-3,2.99632229E-4,4.13802481E-5,2.25591197E-4
3.71749997,2.50005722E-3,1.7652259E-4,3.65881097E-5,2.25591197E-4
3.72249985,2.49993801E-3,2.34532359E-4,4.04064958E-5,2.22988892E-4
3.72749996,2.50005722E-3,2.63026595E-4,3.74164993E-5,2.22988892E-4
3.73250008,2.49993801E-3,2.25120835E-4,3.75464042E-5,2.22988892E-4
3.73749995,2.50005722E-3,2.1734793E-4,3.36172743E-5,2.20426678E-4
3.74249983,2.49993801E-3,2.73345533E-4,4.47446946E-5,2.20426678E-4
3.74749994,2.50005722E-3,2.46233103E-4,3.69576992E-5,2.20426678E-4
3.75250006,2.50005722E-3,1.95638597E-4,3.5507077E-5,2.17903769E-4
3.75750017,2.49993801E-3,2.5077071E-4,3.7199803E-5,2.17903769E-4
3.76250005,2.50005722E-3,2.40116773E-4,3.72364593E-5,2.17903769E-4
3.76749992,2.49993801E-3,2.15891516E-4,3.87086511E-5,2.15419466E-4
3.77250004,2.50005722E-3,2.18802947E-4,3.81004575E-5,2.15419466E-4
3.77750015,2.49993801E-3,2.67134572E-4,3.62866049E-5,2.15419466E-4
3.78250003,2.50005722E-3,2.16280736E-4,3.77344586E-5,2.12972984E-4
3.7874999,2.49993801E-3,2.1805297E-4,3.47555251E-5,2.12972984E-4
3.79250002,2.50005722E-3,1.87664613E-4,3.47561217E-5,2.12972984E-4
3.79750013,2.49993801E-3,2.48863274E-4,3.68384972E-5,2.10563638E-4
3.80250001,2.50005722E-3,3.10892559E-4,4.2513806E-5,2.10563638E-4
3.80749989,2.49993801E-3,1.68684783E-4,3.72272843E-5,2.10563638E-4
3.8125,2.50005722E-3,2.99573643E-4,4.45965743E-5,2.08190701E-4
3.81750011,2.49993801E-3,2.74152961E-4,3.9242128E-5,2.08190701E-4
3.82249999,2.50005722E-3,2.30734848E-4,3.91160211E-5,2.08190701E-4
3.82749987,2.49993801E-3,2.38762645E-4,3.71023598E-5,2.05853503E-4
3.83249998,2.50005722E-3,1.95779445E-4,3.47361565E-5,2.05853503E-4
3.8375001,2.49993801E-3,2.3426085E-4,3.71413917E-5,2.05853503E-4
3.84249997,2.50005722E-3,2.24087504E-4,3.88028348E-5,2.03551346E-4
3.84749985,2.49993801E-3,2.4970845E-4,3.58813413E-5,2.03551346E-4
3.85249996,2.50005722E-3,1.5755801E-4,3.18944149E-5,2.03551346E-4
3.85750008,2.49993801E-3,2.33323226E-4,3.5342131E-5,2.01283605E-4
3.86249995,2.50005722E-3,2.42928916E-4,3.59333862E-5,2.01283605E-4
3.86749983,2.49993801E-3,1.54152149E-4,3.81576865E-5,2.01283605E-4
3.87249994,2.50005722E-3,1.91544663E-4,3.45444278E-5,1.99049638E-4
3.87750006,2.50005722E-3,1.65513324E-4,3.86100182E-5,1.99049638E-4
3.88250017,2.49993801E-3,2.91713368E-4,4.08224842E-5,1.99049638E-4
3.88750005,2.50005722E-3,2.1156235E-4,3.38220161E-5,1.96848763E-4
3.89249992,2.49993801E-3,2.42572336E-4,4.01270627E-5,1.96848763E-4
3.89750004,2.50005722E-3,2.2690343E-4,3.74621959E-5,1.96848763E-4
3.90250015,2.49993801E-3,2.80035048E-4,3.60228914E-5,1.9468044E-4
3.90750003,2.50005722E-3,1.65707417E-4,4.12524896E-5,1.9468044E-4
3.9124999,2.49993801E-3,2.17529639E-4,3.66394306E-5,1.9468044E-4
3.91750002,2.50005722E-3,2.28843724E-4,3.63121471E-5,1.92544045E-4
3.92250013,2.49993801E-3,1.71385007E-4,3.43120955E-5,1.92544045E-4
3.92750001,2.50005722E-3,2.36354666E-4,3.85698149E-5,1.92544045E-4
3.93249989,2.49993801E-3,1.6380896E-4,3.71353344E-5,1.90438979E-4
3.9375,2.50005722E-3,2.25200187E-4,4.05755382E-5,1.90438979E-4
3.94250011,2.49993801E-3,2.02211231E-4,3.45848093E-5,1.90438979E-4
3.94749999,2.50005722E-3,1.78486051E-4,3.78233235E-5,1.88364662E-4
3.95249987,2.49993801E-3,2.37431639E-4,3.8813032E-5,1.88364662E-4
3.95749998,2.50005722E-3,2.30079298E-4,3.63853906E-5,1.88364662E-4
3.9625001,2.49993801E-3,1.23342761E-4,3.86732354E-5,1.86320554E-4
3.96749997,2.50005722E-3,1.83929355E-4,3.35272816E-5,1.86320554E-4
3.97249985,2.49993801E-3,1.54640584E-4,3.05325302E-5,1.86320554E-4
3.97749996,2.50005722E-3,2.26469914E-4,3.28885581E-5,1.84306104E-4
3.98250008,2.49993801E-3,2.0565762E-4,3.61788807E-5,1.84306104E-4
3.98749995,2.50005722E-3,2.54673243E-4,3.36608246E-5,1.84306104E-4
3.99249983,2.49993801E-3,1.49095431E-4,3.22818814E-5,1.82320757E-4
3.99749994,2.50005722E-3,2.54654384E-4,3.62657265E-5,1.82320757E-4
4.00250006,2.50005722E-3,2.00918221E-4,3.73419025E-5,1.82320757E-4
4.00750017,2.50005722E-3,2.25076074E-4,3.51306517E-5,1.80364004E-4
4.01249981,2.4998188E-3,1.69180552E-4,3.13127566E-5,1.80364004E-4
4.01749992,2.50005722E-3,2.61940178E-4,3.54867516E-5,1.80364004E-4
4.02250004,2.50005722E-3,2.47936259E-4,3.51939452E-5,1.78435337E-4
4.02750015,2.50005722E-3,2.05497156E-4,3.32794734E-5,1.78435337E-4
4.03250027,2.4998188E-3,1.96472232E-4,3.36245394E-5,1.78435337E-4
4.0374999,2.50005722E-3,1.87229336E-4,3.26086592E-5,1.76524569E-4
4.04250002,2.50005722E-3,2.19444526E-4,3.36721896E-5,1.76524569E-4
4.04750013,2.50005722E-3,1.20604614E-4,3.81078789E-5,1.76524569E-4
4.05249977,2.4998188E-3,1.82078351E-4,3.40334991E-5,1.74641173E-4
4.05749989,2.50005722E-3,2.22828196E-4,3.51121671E-5,1.74641173E-4
4.0625,2.50005722E-3,1.77470458E-4,3.31161464E-5,1.74641173E-4
4.06750011,2.50005722E-3,1.89930608E-4,3.62852479E-5,1.72794142E-4
4.07250023,2.4998188E-3,1.83162338E-4,3.05997346E-5,1.72794142E-4
4.07749987,2.50005722E-3,1.46335049E-4,3.25855035E-5,1.72794142E-4
4.08249998,2.50005722E-3,2.2197458E-4,3.84959894E-5,1.70973217E-4
4.0875001,2.50005722E-3,2.29340469E-4,3.77789038E-5,1.70973217E-4
4.09249973,2.4998188E-3,2.40216134E-4,3.51787494E-5,1.70973217E-4
4.09749985,2.50005722E-3,2.02313386E-4,3.80165184E-5,1.69177918E-4
4.10249996,2.50005722E-3,1.81138646E-4,3.46064407E-5,1.69177918E-4
4.10750008,2.50005722E-3,1.87871352E-4,3.48366448E-5,1.69177918E-4
4.11250019,2.4998188E-3,1.41191238E-4,3.373656E-5,1.67407838E-4
4.11749983,2.50005722E-3,1.8264848E-4,3.35069235E-5,1.67407838E-4
4.12249994,2.50005722E-3,1.97096786E-4,3.79059129E-5,1.67407838E-4
4.12750006,2.50005722E-3,1.44996229E-4,2.9972789E-5,1.65662539E-4
4.13250017,2.50005722E-3,1.97599627E-4,3.83627703E-5,1.65662539E-4
4.13749981,2.4998188E-3,1.60056545E-4,3.52814641E-5,1.65662539E-4
4.14249992,2.50005722E-3,1.31887005E-4,2.66125226E-5,1.63941542E-4
4.14750004,2.50005722E-3,1.66319558E-4,3.40257793E-5,1.63941542E-4
4.15250015,2.50005722E-3,2.0890712E-4,3.7497608E-5,1.63941542E-4
4.15750027,2.4998188E-3,2.03748699E-4,3.75757772E-5,1.62244469E-4
4.1624999,2.50005722E-3,1.51744083E-4,3.26711634E-5,1.62244469E-4
4.16750002,2.50005722E-3,1.52595501E-4,3.36082048E-5,1.62244469E-4
4.17250013,2.50005722E-3,1.99715316E-4,3.20333274E-5,1.60570897E-4
4.17749977,2.4998188E-3,1.50036591E-4,2.90261523E-5,1.60570897E-4
4.18249989,2.50005722E-3,1.75173554E-4,3.37659767E-5,1.60570897E-4
4.1875,2.50005722E-3,1.82499687E-4,3.08326416E-5,1.58920433E-4
4.19250011,2.50005722E-3,1.65484627E-4,3.70451635E-5,1.58920433E-4
4.19750023,2.4998188E-3,1.9875924E-4,3.64250336E-5,1.58920433E-4
4.20249987,2.50005722E-3,1.61800548E-4,2.80225941E-5,1.57292612E-4
4.20749998,2.50005722E-3,1.44898542E-4,3.15619618E-5,1.57292612E-4
4.2125001,2.50005722E-3,1.67850521E-4,3.59872429E-5,1.57292612E-4
4.21749973,2.4998188E-3,1.30828965E-4,3.83150691E-5,1.55687099E-4
4.22249985,2.50005722E-3,1.37485826E-4,3.13203091E-5,1.55687099E-4
4.22749996,2.50005722E-3,7.59398099E-5,3.31612828E-5,1.55687099E-4
4.23250008,2.50005722E-3,1.36669245E-4,2.88670653E-5,1.54103531E-4
4.23750019,2.4998188E-3,1.52533918E-4,3.22497726E-5,1.54103531E-4
4.24249983,2.50005722E-3,1.55087982E-4,3.34799515E-5,1.54103531E-4
4.24749994,2.50005722E-3,1.62119934E-4,3.08247509E-5,1.52541485E-4
4.25250006,2.50005722E-3,1.58832729E-4,3.24018692E-5,1.52541485E-4
4.25750017,2.50005722E-3,1.15412557E-4,2.69784578E-5,1.52541485E-4
4.26249981,2.4998188E-3,1.62302749E-4,3.63262079E-5,1.51000626E-4
4.26749992,2.50005722E-3,1.74377827E-4,3.07937771E-5,1.51000626E-4
4.27250004,2.50005722E-3,1.69957362E-4,3.51552408E-5,1.51000626E-4
4.27750015,2.50005722E-3,1.43617319E-4,2.94437978E-5,1.49480591E-4
4.28250027,2.4998188E-3,1.81363546E-4,3.07183145E-5,1.49480591E-4
4.2874999,2.50005722E-3,1.99467831E-4,3.37009005E-5,1.49480591E-4
4.29250002,2.50005722E-3,2.22073533E-4,3.36907578E-5,1.47981045E-4
4.29750013,2.50005722E-3,1.29097403E-4,3.11495132E-5,1.47981045E-4
4.30249977,2.4998188E-3,1.44681864E-4,3.91874091E-5,1.47981045E-4
4.30749989,2.50005722E-3,9.82191923E-5,3.56388009E-5,1.46501581E-4
4.3125,2.50005722E-3,1.28861007E-4,3.07281407E-5,1.46501581E-4
4.31750011,2.50005722E-3,1.47678438E-4,2.54473616E-5,1.46501581E-4
4.32250023,2.4998188E-3,1.63182791E-4,3.42386193E-5,1.45041908E-4
4.32749987,2.50005722E-3,1.2711552E-4,2.63093425E-5,1.45041908E-4
4.33249998,2.50005722E-3,1.54242312E-4,2.99796338E-5,1.45041908E-4
4.3375001,2.50005722E-3,1.3311267E-4,3.49436959E-5,1.43601719E-4
4.34249973,2.4998188E-3,1.40301534E-4,3.20221843E-5,1.43601719E-4
4.34749985,2.50005722E-3,1.21289318E-4,3.24634821E-5,1.43601719E-4
4.35249996,2.50005722E-3,1.73065942E-4,3.15561956E-5,1.42180666E-4
4.35750008,2.50005722E-3,1.95717046E-4,3.4365461E-5,1.42180666E-4
4.36250019,2.4998188E-3,2.0380276E-4,3.45507724E-5,1.42180666E-4
4.36749983,2.50005722E-3,1.3594162E-4,3.43768661E-5,1.407784E-4
4.37249994,2.50005722E-3,1.51595043E-4,3.10173091E-5,1.407784E-4
4.37750006,2.50005722E-3,1.2552955E-4,3.14485405E-5,1.407784E-4
4.38250017,2.50005722E-3,9.50138274E-5,2.59276494E-5,1.3939463E-4
4.38749981,2.4998188E-3,1.38921387E-4,2.69605425E-5,1.3939463E-4
4.39249992,2.50005722E-3,1.06194289E-4,2.65032595E-5,1.3939463E-4
4.39750004,2.50005722E-3,1.64713361E-4,3.20361432E-5,1.38029092E-4
4.40250015,2.50005722E-3,1.44503254E-4,3.04357382E-5,1.38029092E-4
4.40750027,2.4998188E-3,1.81961586E-4,3.09897914E-5,1.38029092E-4
4.4124999,2.50005722E-3,1.45297759E-4,2.99675266E-5,1.36681425E-4
4.41750002,2.50005722E-3,1.43015117E-4,3.63528088E-5,1.36681425E-4
4.42250013,2.50005722E-3,1.8731707E-4,3.29766954E-5,1.36681425E-4
4.42749977,2.4998188E-3,1.14160794E-4,3.04499645E-5,1.35351365E-4
4.43249989,2.50005722E-3,1.45370956E-4,3.1314532E-5,1.35351365E-4
4.4375,2.50005722E-3,1.47620915E-4,3.00760694E-5,1.35351365E-4
4.44250011,2.50005722E-3,1.37289171E-4,2.88606807E-5,1.34038652E-4
4.44750023,2.4998188E-3,1.25914827E-4,3.17286031E-5,1.34038652E-4
4.45249987,2.50005722E-3,1.46476596E-4,2.99373369E-5,1.34038652E-4
4.45749998,2.50005722E-3,1.88882826E-4,3.25230103E-5,1.32742964E-4
4.4625001,2.50005722E-3,1.52951063E-4,3.22082524E-5,1.32742964E-4
4.46749973,2.4998188E-3,9.34979544E-5,2.5283176E-5,1.32742964E-4
4.47249985,2.50005722E-3,1.39790427E-4,3.12566699E-5,1.31464025E-4
4.47749996,2.50005722E-3,1.51566303E-4,3.01115815E-5,1.31464025E-4
4.48250008,2.50005722E-3,9.70275723E-5,2.85468777E-5,1.31464025E-4
4.48750019,2.4998188E-3,1.84750985E-4,3.05123522E-5,1.30201573E-4
4.49249983,2.50005722E-3,2.02005089E-4,3.2200307E-5,1.30201573E-4
4.49749994,2.50005722E-3,2.30244637E-4,3.65069718E-5,1.30201573E-4
4.50250006,2.50005722E-3,9.71260015E-5,3.55715893E-5,1.28955362E-4
4.50750017,2.50005722E-3,1.83710828E-4,3.56657438E-5,1.28955362E-4
4.51249981,2.4998188E-3,1.64049852E-4,3.50846567E-5,1.28955362E-4
4.51749992,2.50005722E-3,1.43447804E-4,2.91200977E-5,1.27725099E-4
4.52250004,2.50005722E-3,1.7508684E-4,3.72671311E-5,1.27725099E-4
4.52750015,2.50005722E-3,1.38039977E-4,3.34207725E-5,1.27725099E-4
4.53250027,2.4998188E-3,1.68427025E-4,2.95550817E-5,1.26510538E-4
4.5374999,2.50005722E-3,1.32382323E-4,2.87455332E-5,1.26510538E-4
4.54250002,2.50005722E-3,1.72542073E-4,3.42573658E-5,1.26510538E-4
4.54750013,2.50005722E-3,1.55257658E-4,3.09821226E-5,1.25311461E-4
4.55249977,2.4998188E-3,1.67049468E-4,3.16391015E-5,1.25311461E-4
4.55749989,2.50005722E-3,1.40156641E-4,2.78462467E-5,1.25311461E-4
4.5625,2.50005722E-3,1.44936246E-4,3.16415462E-5,1.2412759E-4
4.56750011,2.50005722E-3,1.17685639E-4,3.33085482E-5,1.2412759E-4
4.57250023,2.4998188E-3,1.19273551E-4,2.98386658E-5,1.2412759E-4
4.57749987,2.50005722E-3,1.47057188E-4,3.40829502E-5,1.22958663E-4
4.58249998,2.50005722E-3,1.50941851E-4,2.89986147E-5,1.22958663E-4
4.5875001,2.50005722E-3,1.21410332E-4,3.30287039E-5,1.22958663E-4
4.59249973,2.4998188E-3,8.91101736E-5,3.41768209E-5,1.21804478E-4
4.59749985,2.50005722E-3,9.89559412E-5,2.36214073E-5,1.21804478E-4
4.60249996,2.50005722E-3,2.37081491E-4,3.77379947E-5,1.21804478E-4
4.60750008,2.50005722E-3,1.17528652E-4,2.74983686E-5,1.20664808E-4
4.61250019,2.4998188E-3,1.53489396E-4,3.1910542E-5,1.20664808E-4
4.61749983,2.50005722E-3,1.62648212E-4,2.92571967E-5,1.20664808E-4
4.62249994,2.50005722E-3,2.18100715E-4,3.37794045E-5,1.195394E-4
4.62750006,2.50005722E-3,1.30341941E-4,3.19136889E-5,1.195394E-4
4.63250017,2.50005722E-3,1.49851199E-4,3.1765765E-5,1.195394E-4
4.63749981,2.4998188E-3,1.26426283E-4,2.98411233E-5,1.18428041E-4
4.64249992,2.50005722E-3,7.44746212E-5,2.92194691E-5,1.18428041E-4
4.64750004,2.50005722E-3,1.55636008E-4,3.32596028E-5,1.18428041E-4
4.65250015,2.50005722E-3,1.09464723E-4,2.66625648E-5,1.17330528E-4
4.65750027,2.4998188E-3,1.51202868E-4,2.99858111E-5,1.17330528E-4
4.6624999,2.50005722E-3,1.04316336E-4,2.40787831E-5,1.17330528E-4
4.66750002,2.50005722E-3,6.8784524E-5,2.80023105E-5,1.16246629E-4
4.67250013,2.50005722E-3,1.13690163E-4,2.77713025E-5,1.16246629E-4
4.67749977,2.4998188E-3,1.38155228E-4,2.86373579E-5,1.16246629E-4
4.68249989,2.50005722E-3,1.39845768E-4,2.84269099E-5,1.15176117E-4
4.6875,2.50005722E-3,1.22650075E-4,2.64282098E-5,1.15176117E-4
4.69250011,2.50005722E-3,1.44668855E-4,3.20383151E-5,1.15176117E-4
4.69750023,2.4998188E-3,8.66465271E-5,3.5653331E-5,1.14118804E-4
4.70249987,2.50005722E-3,1.24734492E-4,2.38310968E-5,1.14118804E-4
4.70749998,2.50005722E-3,1.18615972E-4,3.06065958E-5,1.14118804E-4
4.7125001,2.50005722E-3,1.30661545E-4,2.98475643E-5,1.130745E-4
4.72000027,4.99987602E-3,7.41966287E-5,1.96812762E-5,1.130745E-4
4.72749996,2.50005722E-3,5.86969436E-5,3.1502721E-5,1.12042995E-4
4.73250008,2.50005722E-3,1.42841716E-4,2.76797164E-5,1.12042995E-4
4.73750019,2.4998188E-3,9.66836087E-5,2.51394777E-5,1.12042995E-4
4.74249983,2.50005722E-3,1.21946789E-4,2.49921286E-5,1.11024063E-4
4.74749994,2.50005722E-3,7.33222987E-5,2.70454475E-5,1.11024063E-4
4.75250006,2.50005722E-3,9.40029349E-5,2.80343756E-5,1.11024063E-4
4.75750017,2.50005722E-3,8.2414881E-5,3.39124344E-5,1.10017543E-4
4.76249981,2.4998188E-3,1.48877167E-4,3.42543644E-5,1.10017543E-4
4.76749992,2.50005722E-3,1.56600465E-4,2.6357382E-5,1.10017543E-4
4.77250004,2.50005722E-3,7.28934901E-5,3.48156609E-5,1.09023254E-4
4.77750015,2.50005722E-3,1.01456557E-4,3.01181481E-5,1.09023254E-4
4.78250027,2.4998188E-3,7.94535881E-5,2.96772541E-5,1.09023254E-4
4.7874999,2.50005722E-3,9.71040936E-5,2.99086314E-5,1.08040986E-4
4.79250002,2.50005722E-3,1.34354472E-4,3.22333581E-5,1.08040986E-4
4.79750013,2.50005722E-3,1.01163707E-4,2.89940472E-5,1.08040986E-4
4.80500031,4.99987602E-3,8.58089406E-5,1.85624685E-5,1.07070562E-4
4.8125,2.50005722E-3,1.32596761E-4,3.05159101E-5,1.07070562E-4
4.81750011,2.50005722E-3,1.09569912E-4,2.2721717E-5,1.06111824E-4
4.82250023,2.4998188E-3,1.184719E-4,2.99190433E-5,1.06111824E-4
4.82749987,2.50005722E-3,1.0801891E-4,2.67480355E-5,1.06111824E-4
4.83249998,2.50005722E-3,1.34291433E-4,2.80617805E-5,1.05164581E-4
4.8375001,2.50005722E-3,6.54217511E-5,3.6137164E-5,1.05164581E-4
4.84249973,2.4998188E-3,1.21889389E-4,2.91640135E-5,1.05164581E-4
4.8499999,5.00011444E-3,7.96413515E-5,1.94536133E-5,1.04228646E-4
4.85750008,2.50005722E-3,1.42605306E-4,3.08478302E-5,1.04228646E-4
4.86250019,2.4998188E-3,1.122924E-4,2.51619203E-5,1.03303864E-4
4.86749983,2.50005722E-3,1.23248392E-4,3.46371562E-5,1.03303864E-4
4.87249994,2.50005722E-3,1.11103756E-4,2.89626987E-5,1.03303864E-4
4.87750006,2.50005722E-3,9.09796072E-5,2.73969927E-5,1.02390084E-4
4.88250017,2.50005722E-3,1.57737813E-4,3.04574623E-5,1.02390084E-4
4.88749981,2.4998188E-3,1.25725594E-4,3.13220917E-5,1.02390084E-4
4.89249992,2.50005722E-3,1.04248014E-4,3.14051904E-5,1.01487116E-4
4.9000001,5.00011444E-3,9.59901736E-5,1.69355972E-5,1.01487116E-4
4.90750027,2.4998188E-3,1.08763401E-4,2.84819907E-5,1.00594807E-4
4.9124999,2.50005722E-3,9.78908429E-5,2.42118967E-5,1.00594807E-4
4.91750002,2.50005722E-3,1.13192778E-4,2.49222503E-5,1.00594807E-4
4.92250013,2.50005722E-3,1.15243907E-4,3.26707122E-5,9.97130264E-5
4.92749977,2.4998188E-3,1.05860337E-4,2.82584169E-5,9.97130264E-5
4.93249989,2.50005722E-3,1.30137661E-4,2.81341563E-5,9.97130264E-5
4.9375,2.50005722E-3,1.1074332E-4,2.60307806E-5,9.88415923E-5
4.94250011,2.50005722E-3,9.77643649E-5,3.03765373E-5,9.88415923E-5
4.94750023,2.4998188E-3,1.16221127E-4,2.68345084E-5,9.88415923E-5
4.95249987,2.50005722E-3,1.39555152E-4,3.0203164E-5,9.79803444E-5
4.95749998,2.50005722E-3,1.36887655E-4,2.98727718E-5,9.79803444E-5
4.9625001,2.50005722E-3,1.15550545E-4,3.2882861E-5,9.79803444E-5
4.96749973,2.4998188E-3,7.92826759E-5,2.5893205E-5,9.71291447E-5
4.97249985,2.50005722E-3,9.39407473E-5,2.34652161E-5,9.71291447E-5
4.97749996,2.50005722E-3,1.0648738E-4,2.60829875E-5,9.71291447E-5
4.98499966,4.99987602E-3,1.10137793E-4,1.84486507E-5,9.62878621E-5
4.99249983,2.50005722E-3,1.11062422E-4,2.82716555E-5,9.62878621E-5
4.99749994,2.50005722E-3,8.24881354E-5,2.98033156E-5,9.54563293E-5
5.00250006,2.50005722E-3,7.57988819E-5,2.68103158E-5,9.54563293E-5
5.01000023,4.99987602E-3,8.52141457E-5,1.9938976E-5,9.50453905E-5
5.01749992,2.50005722E-3,7.3280069E-5,2.5424557E-5,9.4634408E-5
5.02250004,2.50005722E-3,1.37622686E-4,2.85094629E-5,9.4634408E-5
5.02750015,2.50005722E-3,9.92166024E-5,2.55950581E-5,9.38219819E-5
5.03250027,2.4998188E-3,1.19908829E-4,2.73611822E-5,9.38219819E-5
5.0374999,2.50005722E-3,1.68758328E-4,2.99546973E-5,9.38219819E-5
5.04250002,2.50005722E-3,1.07823624E-4,2.47415628E-5,9.3018898E-5
5.04750013,2.50005722E-3,1.03972001E-4,2.77891959E-5,9.3018898E-5
5.05249977,2.4998188E-3,7.70595507E-5,3.08841809E-5,9.3018898E-5
5.05999994,5.00011444E-3,5.42076014E-5,1.54314312E-5,9.2225011E-5
5.06999969,4.99987602E-3,8.73135432E-5,1.79392464E-5,9.18326186E-5
5.07749987,2.50005722E-3,1.08613771E-4,2.84200723E-5,9.14401971E-5
5.08249998,2.50005722E-3,1.15159128E-4,2.29079633E-5,9.14401971E-5
5.09000015,4.99987602E-3,7.98883048E-5,1.74104698E-5,9.066434E-5
5.09749985,2.50005722E-3,1.35901908E-4,2.72712932E-5,9.066434E-5
5.10249996,2.50005722E-3,1.1805533E-4,2.74635913E-5,8.98973012E-5
5.10750008,2.50005722E-3,1.04583189E-4,3.23982931E-5,8.98973012E-5
5.11499977,4.99987602E-3,7.583556E-5,2.19589347E-5,8.95181001E-5
5.12249994,2.50005722E-3,8.77324564E-5,3.33315656E-5,8.91389427E-5
5.12750006,2.50005722E-3,1.03398816E-4,2.45591855E-5,8.91389427E-5
5.13250017,2.50005722E-3,1.0120638E-4,2.91487631E-5,8.83891553E-5
5.13749981,2.4998188E-3,1.1830678E-4,3.19728933E-5,8.83891553E-5
5.14249992,2.50005722E-3,9.42655897E-5,2.32739676E-5,8.83891553E-5
5.14750004,2.50005722E-3,1.03087492E-4,2.45801821E-5,8.76478298E-5
5.15250015,2.50005722E-3,7.87677491E-5,3.49183538E-5,8.76478298E-5
5.15750027,2.4998188E-3,8.23913506E-5,3.3512355E-5,8.76478298E-5
5.1624999,2.50005722E-3,9.03220862E-5,2.37720833E-5,8.69148134E-5
5.17000008,5.00011444E-3,7.79744296E-5,1.8963392E-5,8.69148134E-5
5.17749977,2.4998188E-3,1.04386374E-4,2.5893678E-5,8.61900189E-5
5.18249989,2.50005722E-3,1.23560138E-4,2.4023484E-5,8.61900189E-5
5.1875,2.50005722E-3,1.16178162E-4,2.73105707E-5,8.61900189E-5
5.19250011,2.50005722E-3,7.50738182E-5,3.02473854E-5,8.54733298E-5
5.19750023,2.4998188E-3,7.85776501E-5,2.75410293E-5,8.54733298E-5
5.20249987,2.50005722E-3,1.01925762E-4,2.19300382E-5,8.54733298E-5
5.20749998,2.50005722E-3,1.07269756E-4,2.48005817E-5,8.47646224E-5
5.2125001,2.50005722E-3,4.97743567E-5,3.07057999E-5,8.47646224E-5
5.21749973,2.4998188E-3,1.17840515E-4,2.90106691E-5,8.47646224E-5
5.22249985,2.50005722E-3,1.15832452E-4,2.55343602E-5,8.40637731E-5
5.22749996,2.50005722E-3,5.42310227E-5,2.96358139E-5,8.40637731E-5
5.23499966,4.99987602E-3,5.48558237E-5,2.00875002E-5,8.37172483E-5
5.24499989,5.00011444E-3,6.49042267E-5,1.46685334E-5,8.33706945E-5
5.25250006,2.50005722E-3,1.50912398E-4,3.10722244E-5,8.26852774E-5
5.25750017,2.50005722E-3,7.72664062E-5,3.12414923E-5,8.26852774E-5
5.26249981,2.4998188E-3,1.1807018E-4,2.61813184E-5,8.26852774E-5
5.26749992,2.50005722E-3,9.46012224E-5,2.63206366E-5,8.20074056E-5
5.2750001,5.00011444E-3,4.85378769E-5,2.12337018E-5,8.20074056E-5
5.28250027,2.4998188E-3,1.19395409E-4,2.6793663E-5,8.13369697E-5
5.28999996,5.00011444E-3,4.55261106E-5,1.78611663E-5,8.13369697E-5
5.29750013,2.50005722E-3,7.71344639E-5,2.58158652E-5,8.06738972E-5
5.30249977,2.4998188E-3,8.04602969E-5,2.55530667E-5,8.06738972E-5
5.30749989,2.50005722E-3,8.63288806E-5,3.27501184E-5,8.06738972E-5
5.3125,2.50005722E-3,1.26073472E-4,3.22511369E-5,8.00180569E-5
5.31750011,2.50005722E-3,8.17522596E-5,3.04358655E-5,8.00180569E-5
5.32250023,2.4998188E-3,1.0233622E-4,2.70073597E-5,8.00180569E-5
5.32999992,5.00011444E-3,7.35519061E-5,1.91416821E-5,7.93693616E-5
5.34000015,4.99987602E-3,8.7682427E-5,1.63082259E-5,7.90485501E-5
5.34749985,2.50005722E-3,7.46628357E-5,2.68693857E-5,7.87277022E-5
5.35500002,5.00011444E-3,7.50319814E-5,1.59274459E-5,7.8410354E-5
5.36499977,4.99987602E-3,2.54921215E-5,2.27388009E-5,7.80930131E-5
5.37249994,2.50005722E-3,9.30066526E-5,2.85045298E-5,7.74651635E-5
5.38000011,5.00011444E-3,3.64984371E-5,2.04978878E-5,7.74651635E-5
5.38749981,2.4998188E-3,1.23803431E-4,2.75485254E-5,7.68440805E-5
5.39249992,2.50005722E-3,8.74242833E-5,2.54389579E-5,7.68440805E-5
5.4000001,5.00011444E-3,4.26191473E-5,1.99495535E-5,7.6536875E-5
5.40999985,4.99987602E-3,7.114451E-5,1.79018316E-5,7.62296768E-5
5.41750002,2.50005722E-3,1.03527527E-4,2.87165203E-5,7.56218578E-5
5.42250013,2.50005722E-3,1.57145201E-4,2.72838006E-5,7.56218578E-5
5.42749977,2.4998188E-3,1.05778519E-4,2.98610357E-5,7.56218578E-5
5.43249989,2.50005722E-3,4.90816601E-5,3.46577945E-5,7.50205218E-5
5.44000006,5.00011444E-3,1.00595418E-4,1.82101739E-5,7.50205218E-5
5.44750023,2.4998188E-3,9.88275206E-5,3.15724428E-5,7.44255958E-5
5.45499992,5.00011444E-3,6.0679442E-5,1.6544238E-5,7.44255958E-5
5.46500015,4.99987602E-3,6.5047534E-5,2.054982E-5,7.38369999E-5
5.47249985,2.50005722E-3,9.90758199E-5,2.92700279E-5,7.38369999E-5
5.48000002,5.00011444E-3,7.84424119E-5,1.7870625E-5,7.32546396E-5
5.48999977,4.99987602E-3,5.33826569E-5,2.14551692E-5,7.29665189E-5
5.5,5.00011444E-3,6.86174826E-5,1.90966639E-5,7.26784274E-5
5.50750017,2.50005722E-3,8.13580118E-5,2.73029618E-5,7.21082906E-5
5.51249981,2.4998188E-3,1.28177577E-4,2.67865817E-5,7.21082906E-5
5.51749992,2.50005722E-3,1.00404126E-4,2.38160937E-5,7.21082906E-5
5.5250001,5.00011444E-3,8.37659172E-5,1.70882904E-5,7.15441565E-5
5.53250027,2.4998188E-3,8.25630996E-5,2.67039741E-5,7.15441565E-5
5.53999996,5.00011444E-3,6.65584012E-5,1.90856208E-5,7.09859305E-5
5.55000019,4.99987602E-3,4.63343276E-5,1.62259948E-5,7.07097497E-5
5.55749989,2.50005722E-3,7.02825855E-5,3.04908353E-5,7.04335398E-5
5.56500006,5.00011444E-3,6.67768691E-5,1.50676869E-5,7.01602257E-5
5.57250023,2.4998188E-3,7.42441916E-5,3.21814296E-5,6.98869189E-5
5.57749987,2.50005722E-3,9.6411597E-5,2.63950678E-5,6.98869189E-5
5.58500004,5.00011444E-3,4.94340602E-5,1.84550681E-5,6.93459806E-5
5.59249973,2.4998188E-3,1.15831805E-4,3.16049736E-5,6.93459806E-5
5.5999999,5.00011444E-3,6.84068364E-5,1.99088117E-5,6.88106447E-5
5.60750008,2.50005722E-3,1.0119436E-4,2.17478755E-5,6.88106447E-5
5.61250019,2.4998188E-3,1.28248299E-4,3.26550289E-5,6.82808532E-5
5.61749983,2.50005722E-3,7.04094782E-5,2.84581456E-5,6.82808532E-5
5.625,5.00011444E-3,4.69846236E-5,2.13801504E-5,6.80186931E-5
5.63500023,4.99987602E-3,5.82667453E-5,1.84470409E-5,6.77565331E-5
5.64499998,5.00011444E-3,5.99654595E-5,1.77497004E-5,6.72375972E-5
5.65250015,2.50005722E-3,9.71901609E-5,2.58036725E-5,6.72375972E-5
5.65750027,2.4998188E-3,1.27128646E-4,2.7841972E-5,6.67239947E-5
5.66499996,5.00011444E-3,4.60556839E-5,1.61956013E-5,6.67239947E-5
5.67500019,4.99987602E-3,8.63106252E-5,1.87317455E-5,6.62156599E-5
5.68499994,5.00011444E-3,7.75665176E-5,1.48194831E-5,6.59640864E-5
5.69250011,2.50005722E-3,1.34111076E-4,2.56357853E-5,6.57125129E-5
5.69999981,4.99987602E-3,4.62314165E-5,2.07942267E-5,6.5463486E-5
5.70749998,2.50005722E-3,1.26740371E-4,3.03288834E-5,6.52144809E-5
5.71500015,4.99987602E-3,3.82496837E-5,1.7591412E-5,6.49680078E-5
5.72249985,2.50005722E-3,3.66954009E-5,3.30207149E-5,6.47215129E-5
5.72749996,2.50005722E-3,1.22720696E-4,2.38272751E-5,6.47215129E-5
5.73250008,2.50005722E-3,1.01211226E-4,2.24565956E-5,6.42335435E-5
5.73750019,2.4998188E-3,7.03598271E-5,2.92856639E-5,6.42335435E-5
5.74499989,5.00011444E-3,5.72127647E-5,1.85888384E-5,6.39920181E-5
5.75250006,2.50005722E-3,1.08903005E-4,2.62510257E-5,6.37505E-5
5.75750017,2.50005722E-3,9.84532235E-5,2.93150788E-5,6.37505E-5
5.76500034,4.99987602E-3,6.96585776E-5,1.99242495E-5,6.3272324E-5
5.7750001,5.00011444E-3,7.7176599E-5,1.74773886E-5,6.30356444E-5
5.78250027,2.4998188E-3,3.30013245E-5,3.6238871E-5,6.27989648E-5
5.78999996,5.00011444E-3,5.23380368E-5,1.82944386E-5,6.25646571E-5
5.80000019,4.99987602E-3,6.06636495E-5,1.54826885E-5,6.23303495E-5
5.80999994,5.00011444E-3,7.00374949E-5,1.73060853E-5,6.18664199E-5
5.81999969,4.99987602E-3,4.75373126E-5,1.83041393E-5,6.16367761E-5
5.82999992,5.00011444E-3,3.57600475E-5,1.87678088E-5,6.14071105E-5
5.84000015,4.99987602E-3,5.12078113E-5,2.12365194E-5,6.09523886E-5
5.8499999,5.00011444E-3,6.5906941E-5,1.7458533E-5,6.07272814E-5
5.85999966,4.99987602E-3,5.26611366E-5,1.99291208E-5,6.05021778E-5
5.86999989,5.00011444E-3,3.3295375E-5,1.74046691E-5,6.00564163E-5
5.88000011,5.00011444E-3,6.24755485E-5,1.5222965E-5,5.98357365E-5
5.89000034,4.99987602E-3,6.70280569E-5,1.84888686E-5,5.96150603E-5
5.89750004,2.50005722E-3,1.29390741E-4,3.14968893E-5,5.91780554E-5
5.90499973,4.99987602E-3,4.43386707E-5,2.00567374E-5,5.91780554E-5
5.91499996,5.00011444E-3,6.33935779E-5,1.61265034E-5,5.87453396E-5
5.92250013,2.50005722E-3,9.86899395E-5,3.15290745E-5,5.87453396E-5
5.93000031,4.99987602E-3,3.83495208E-5,1.84470518E-5,5.83168694E-5
5.94000006,5.00011444E-3,5.72229983E-5,1.88212616E-5,5.81047316E-5
5.94999981,4.99987602E-3,5.81174063E-5,1.73420121E-5,5.78925938E-5
5.96000004,5.00011444E-3,5.59212785E-5,1.98283306E-5,5.74724545E-5
5.97000027,4.99987602E-3,8.36486506E-5,1.84940327E-5,5.72644167E-5
5.98000002,5.00011444E-3,4.6029174E-5,1.86077668E-5,5.70563971E-5
5.98999977,4.99987602E-3,4.99324815E-5,1.66801856E-5,5.6643963E-5
6,5.00011444E-3,6.11887372E-5,1.77543916E-5,5.64397451E-5
6.01000023,4.99987602E-3,5.70220072E-5,1.82309595E-5,5.62355308E-5
6.01999998,5.00011444E-3,6.42776649E-5,1.38474779E-5,5.58314532E-5
6.02999973,4.99987602E-3,3.51772032E-5,1.92449315E-5,5.5631368E-5
6.03999996,5.00011444E-3,3.07839073E-5,2.11336665E-5,5.54312683E-5
6.05000019,4.99987602E-3,5.01145405E-5,1.48596409E-5,5.50349323E-5
6.05999994,5.00011444E-3,4.24905957E-5,1.82921576E-5,5.4838667E-5
6.06999969,4.99987602E-3,4.68592589E-5,2.25429412E-5,5.4642398E-5
6.07999992,5.00011444E-3,3.76987919E-5,1.57283721E-5,5.42536145E-5
6.0875001,2.50005722E-3,1.13775845E-4,2.74413815E-5,5.42536145E-5
6.09500027,4.99987602E-3,5.18537963E-5,1.99153801E-5,5.38685381E-5
6.10249996,2.50005722E-3,8.37018742E-5,3.30990879E-5,5.38685381E-5
6.10999966,4.99987602E-3,6.26752008E-5,1.55603484E-5,5.34871288E-5
6.11999989,5.00011444E-3,3.37338861E-5,1.78086011E-5,5.3298234E-5
6.13000011,5.00011444E-3,5.69981203E-5,1.7150096E-5,5.31093392E-5
6.14000034,4.99987602E-3,4.12341797E-5,1.82482636E-5,5.27351258E-5
6.1500001,5.00011444E-3,7.2393188E-5,1.92922744E-5,5.2549789E-5
6.15750027,2.4998188E-3,4.30808323E-5,3.55872689E-5,5.23644521E-5
6.16499996,5.00011444E-3,5.00937313E-5,1.92616972E-5,5.21808652E-5
6.17500019,4.99987602E-3,6.42114828E-5,1.55436519E-5,5.19972746E-5
6.18499994,5.00011444E-3,2.12801206E-5,2.0614767E-5,5.16335422E-5
6.19499969,4.99987602E-3,5.74653459E-5,1.67357775E-5,5.14533931E-5
6.20499992,5.00011444E-3,2.37598579E-5,2.23663264E-5,5.12732222E-5
6.21500015,4.99987602E-3,5.76401799E-5,2.04712451E-5,5.09162819E-5
6.2249999,5.00011444E-3,5.0537983E-5,1.95709235E-5,5.07394761E-5
6.23499966,4.99987602E-3,6.9529553E-5,1.65648235E-5,5.05626704E-5
6.24499989,5.00011444E-3,4.41823395E-5,1.97645932E-5,5.02123476E-5
6.25500011,5.00011444E-3,4.18979034E-5,1.95413304E-5,5.00388123E-5
6.26500034,4.99987602E-3,5.63888461E-5,1.83908232E-5,4.98652807E-5
6.27250004,2.50005722E-3,1.20387638E-4,2.93538342E-5,4.95214335E-5
6.27999973,4.99987602E-3,5.66502313E-5,2.07961402E-5,4.95214335E-5
6.28999996,5.00011444E-3,1.69606647E-5,2.08217389E-5,4.91807623E-5
6.30000019,4.99987602E-3,6.46875778E-5,2.03287291E-5,4.90120074E-5
6.30999994,5.00011444E-3,5.25764735E-5,1.75584555E-5,4.88432343E-5
6.31999969,4.99987602E-3,7.15122005E-5,2.02378324E-5,4.85088167E-5
6.32999992,5.00011444E-3,5.98724182E-5,2.05662982E-5,4.83431431E-5
6.34000015,4.99987602E-3,5.34138017E-5,1.7085722E-5,4.81774696E-5
6.3499999,5.00011444E-3,3.84330669E-5,2.00622053E-5,4.78491529E-5
6.35999966,4.99987602E-3,2.76123701E-5,2.00908162E-5,4.76865025E-5
6.36999989,5.00011444E-3,5.04924283E-5,1.70888834E-5,4.75238376E-5
6.38000011,5.00011444E-3,5.79596599E-5,1.90863084E-5,4.72014945E-5
6.39000034,4.99987602E-3,5.90003438E-5,2.20038655E-5,4.70417763E-5
6.4000001,5.00011444E-3,3.71829847E-5,1.87763872E-5,4.68820763E-5
6.40999985,4.99987602E-3,3.22259039E-5,1.91059225E-5,4.65655576E-5
6.42000008,5.00011444E-3,4.89132508E-5,1.79751914E-5,4.64087316E-5
6.43000031,4.99987602E-3,8.78686697E-5,2.08641522E-5,4.62519092E-5
6.44000006,5.00011444E-3,4.47487946E-5,1.57355025E-5,4.59410949E-5
6.44999981,4.99987602E-3,7.42234915E-5,2.15519158E-5,4.57870774E-5
6.46249962,7.49993324E-3,1.81978266E-5,1.49690877E-5,4.55313348E-5
6.4749999,5.00011444E-3,6.26398105E-5,2.07435114E-5,4.53278262E-5
6.48499966,4.99987602E-3,5.51255798E-5,1.95008106E-5,4.5025321E-5
6.49749994,7.50017166E-3,1.46191678E-5,1.61946791E-5,4.48254541E-5
6.51000023,4.99987602E-3,5.86797114E-6,2.22192248E-5,4.45769656E-5
6.51999998,5.00011444E-3,7.7284807E-5,1.88767081E-5,4.44283942E-5
6.52999973,4.99987602E-3,3.21430198E-5,2.00748364E-5,4.41339216E-5
6.53999996,5.00011444E-3,5.46736374E-5,1.79416766E-5,4.3987995E-5
6.55000019,4.99987602E-3,3.10189935E-5,1.99306851E-5,4.38420684E-5
6.5625,7.50017166E-3,4.54638684E-5,1.36595072E-5,4.35527982E-5
6.57499981,4.99987602E-3,4.15069335E-5,1.85168956E-5,4.32660854E-5
6.58500004,5.00011444E-3,7.5572585E-5,2.31093254E-5,4.31239969E-5
6.59500027,4.99987602E-3,3.4211258E-5,2.06683799E-5,4.2981912E-5
6.60500002,5.00011444E-3,5.68301257E-5,1.61705048E-5,4.27002378E-5
6.61499977,4.99987602E-3,4.64972218E-5,2.07448702E-5,4.2560634E-5
6.625,5.00011444E-3,3.92108632E-5,1.87274982E-5,4.24210411E-5
6.63749981,7.49993324E-3,5.08447738E-6,1.68372317E-5,4.21442892E-5
6.6500001,5.00011444E-3,4.33806854E-5,1.76256563E-5,4.18699638E-5
6.65999985,4.99987602E-3,4.56670568E-5,1.73819335E-5,4.17339907E-5
6.67249966,7.49993324E-3,1.74659599E-5,1.47121555E-5,4.15081777E-5
6.6875,7.50017166E-3,2.5644471E-5,1.64054145E-5,4.12393892E-5
6.69999981,4.99987602E-3,3.86518695E-5,1.92262414E-5,4.10612447E-5
6.71000004,5.00011444E-3,4.83497533E-5,2.10611834E-5,4.07963453E-5
6.72000027,4.99987602E-3,3.47560454E-5,2.08777692E-5,4.06650324E-5
6.73000002,5.00011444E-3,6.13363227E-5,1.84969758E-5,4.05337341E-5
6.74250031,7.49993324E-3,-4.60609635E-6,1.75068544E-5,4.02733895E-5
6.75500011,5.00011444E-3,3.19068713E-5,2.04475928E-5,4.00152894E-5
6.76500034,4.99987602E-3,-1.74348006E-5,2.67114119E-5,3.98873417E-5
6.77750015,7.49993324E-3,3.31625779E-5,1.77853653E-5,3.9674851E-5
6.78999996,5.00011444E-3,3.13677447E-6,2.48188717E-5,3.95057214E-5
6.80000019,4.99987602E-3,5.25912001E-5,1.70543735E-5,3.92542061E-5
6.8125,7.50017166E-3,5.17889493E-5,1.34840493E-5,3.9087965E-5
6.82499981,4.99987602E-3,6.02174659E-5,2.229456E-5,3.8881215E-5
6.83749962,7.49993324E-3,2.17458382E-5,1.53529327E-5,3.86758911E-5
6.8499999,5.00011444E-3,6.21834915E-5,1.37532352E-5,3.85124586E-5
6.85999966,4.99987602E-3,6.79183577E-5,1.43697071E-5,3.82694016E-5
6.87249994,7.50017166E-3,2.52977388E-5,1.35201635E-5,3.81087339E-5
6.88749981,7.49993324E-3,3.52514348E-6,1.70801068E-5,3.78690893E-5
6.9000001,5.00011444E-3,5.91261924E-5,1.99559763E-5,3.76709577E-5
6.90999985,4.99987602E-3,4.70131417E-5,1.89708317E-5,3.75524833E-5
6.92249966,7.49993324E-3,2.75909078E-5,1.39164822E-5,3.7317528E-5
6.93499994,5.00011444E-3,4.96524735E-5,2.37133536E-5,3.70845373E-5
6.94750023,7.49993324E-3,1.49299549E-5,1.73511471E-5,3.69305162E-5
6.96000004,5.00011444E-3,4.33951973E-5,2.19253943E-5,3.67389512E-5
6.97000027,4.99987602E-3,7.08060088E-6,2.47622556E-5,3.66244021E-5
6.98000002,5.00011444E-3,4.31734843E-5,1.81573687E-5,3.63972104E-5
6.98999977,4.99987602E-3,4.04125385E-5,1.9768122E-5,3.62845531E-5
