# energy (keV)	err_energy (keV)	flux_data (ph cm^-2 s^-1 keV^-1)	err_flux (ph cm^-2 s^-1 keV^-1)		flux_model (ph cm^-2 s^-1 keV^-1)
0.50367099 2.55697966E-3 3.83235812E-2 5.53580292E-4 4.21195067E-2
0.50878346 2.55551934E-3 3.91048715E-2 5.55065228E-4 4.15982828E-2
0.513891995 2.55298615E-3 3.88690121E-2 5.55232749E-4 4.1077029E-2
0.518996477 2.55149603E-3 4.12354693E-2 5.72523626E-4 4.04935963E-2
0.524097443 2.54949927E-3 3.77830118E-2 5.35887142E-4 3.74494679E-2
0.529194951 2.54800916E-3 3.35929766E-2 4.6988792E-4 3.18663456E-2
0.534288526 2.54550576E-3 4.1547697E-2 5.80394117E-4 3.86428833E-2
0.539377987 2.54398584E-3 4.05281372E-2 5.62190078E-4 3.6197342E-2
0.544463992 2.54201889E-3 3.37559991E-2 4.60990792E-4 2.92466972E-2
0.549546003 2.53999233E-3 3.05106044E-2 4.19384858E-4 2.58720499E-2
0.554623961 2.53799558E-3 3.19045521E-2 4.3240891E-4 2.57538762E-2
0.559698462 2.53650546E-3 3.20313014E-2 4.4046421E-4 2.61324607E-2
0.564769506 2.53450871E-3 3.36190425E-2 4.50884225E-4 2.60270406E-2
0.569836497 2.53251195E-3 3.40509452E-2 4.51253523E-4 2.58556455E-2
0.574899554 2.53048539E-3 3.34620625E-2 4.52867855E-4 2.5731083E-2
0.579959035 2.52899528E-3 3.36711556E-2 4.54907335E-4 2.55728681E-2
0.585014999 2.52699852E-3 3.40640694E-2 4.55268309E-4 2.53557805E-2
0.590067506 2.5255084E-3 3.29721943E-2 4.44957172E-4 2.50908267E-2
0.595116496 2.52351165E-3 3.20794508E-2 4.35592665E-4 2.48078275E-2
0.600161552 2.52148509E-3 3.03705577E-2 4.25736769E-4 2.45162509E-2
0.605203032 2.51999497E-3 3.01109944E-2 4.20602039E-4 2.42441017E-2
0.610240996 2.51799822E-3 2.88132317E-2 4.11476911E-4 2.39639264E-2
0.615275502 2.5165081E-3 2.80499831E-2 4.00628895E-4 2.36677974E-2
0.620307028 2.51501799E-3 2.66456939E-2 3.9290046E-4 2.33963337E-2
0.625334501 2.51245499E-3 2.62145773E-2 3.85217631E-4 2.31205709E-2
0.630358458 2.51153111E-3 2.55327057E-2 3.77883465E-4 2.2823466E-2
0.635379493 2.50947475E-3 2.45517604E-2 3.6873878E-4 2.25549173E-2
0.640396476 2.5075078E-3 2.42079049E-2 3.66478402E-4 2.22845562E-2
0.645410478 2.50649452E-3 2.28941683E-2 3.53373092E-4 2.19895616E-2
0.6504215 2.50452757E-3 2.248431E-2 3.50579881E-4 2.17256006E-2
0.655428529 2.50250101E-3 2.10929457E-2 3.40560509E-4 2.14611832E-2
0.660432518 2.50148773E-3 2.12978106E-2 3.3977229E-4 2.11709291E-2
0.665433526 2.49949098E-3 2.08298061E-2 3.32968135E-4 2.09128726E-2
0.670431018 2.49800086E-3 2.05186754E-2 3.32082884E-4 2.06546132E-2
0.675425529 2.49651074E-3 2.10988931E-2 3.31478484E-4 2.03712713E-2
0.680416524 2.49451399E-3 2.06058454E-2 3.27312271E-4 2.01200899E-2
0.685404539 2.49350071E-3 1.99485309E-2 3.20937892E-4 1.9867992E-2
0.690389514 2.49147415E-3 1.91340242E-2 3.1074151E-4 1.95933823E-2
0.695371032 2.49001384E-3 1.95880402E-2 3.14228411E-4 1.93497613E-2
0.700350046 2.48900056E-3 1.90077387E-2 3.06495669E-4 1.90993119E-2
0.705325961 2.486974E-3 1.8054964E-2 2.93716148E-4 1.81235112E-2
0.710298479 2.48551369E-3 1.66091733E-2 2.71386525E-4 1.658508E-2
0.715268493 2.48450041E-3 1.68380029E-2 2.83858593E-4 1.73836425E-2
0.720235467 2.48250365E-3 1.59474462E-2 2.67556607E-4 1.66867059E-2
0.725199521 2.48152018E-3 1.6013978E-2 2.72151781E-4 1.66779254E-2
0.730161011 2.47997046E-3 1.64655373E-2 2.74567545E-4 1.67589802E-2
0.735119462 2.47851014E-3 1.56096723E-2 2.68797681E-4 1.6588049E-2
0.740074992 2.47699022E-3 1.50995264E-2 2.6677319E-4 1.64075755E-2
0.745027483 2.47550011E-3 1.53529765E-2 2.66821851E-4 1.62106659E-2
0.749977469 2.47451663E-3 1.44998478E-2 2.56909989E-4 1.60088837E-2
0.754925013 2.47299671E-3 1.42897554E-2 2.54528713E-4 1.58212036E-2
0.759869993 2.47198343E-3 1.44630857E-2 2.56194529E-4 1.56196924E-2
0.764812469 2.47052312E-3 1.38819525E-2 2.47665303E-4 1.54265845E-2
0.769752026 2.4690032E-3 1.36653911E-2 2.47726886E-4 1.52448704E-2
0.774689019 2.46798992E-3 1.31149776E-2 2.40155452E-4 1.50457127E-2
0.779623508 2.46649981E-3 1.28451083E-2 2.37114524E-4 1.48631809E-2
0.784555495 2.46548653E-3 1.31923612E-2 2.40318332E-4 1.46876592E-2
0.789484978 2.46399641E-3 1.26032885E-2 2.37428118E-4 1.44907441E-2
0.794412017 2.46301293E-3 1.23437326E-2 2.34101739E-4 1.43184802E-2
0.799337029 2.46199965E-3 1.23491576E-2 2.31113765E-4 1.4141703E-2
0.804259479 2.46047974E-3 1.24068009E-2 2.30204969E-4 1.39509477E-2
0.809180021 2.4600327E-3 1.20264255E-2 2.28456411E-4 1.37826633E-2
0.814098477 2.45848298E-3 1.19578242E-2 2.27303652E-4 1.36070251E-2
0.819014013 2.45702267E-3 1.17139909E-2 2.21589245E-4 1.34297516E-2
0.823927522 2.45645642E-3 1.18552297E-2 2.24279574E-4 1.32683907E-2
0.828838944 2.45502591E-3 1.15310857E-2 2.22880306E-4 1.30945817E-2
0.833747983 2.45401263E-3 1.15117878E-2 2.21299211E-4 1.29299406E-2
0.838655531 2.45350599E-3 1.12772994E-2 2.18111498E-4 1.27752433E-2
0.843561053 2.45198607E-3 1.09563228E-2 2.13535022E-4 1.2603092E-2
0.848464012 2.4509728E-3 1.0736906E-2 2.13410327E-4 1.2450804E-2
0.853364944 2.45001912E-3 1.08686909E-2 2.13462976E-4 1.22990487E-2
0.858264506 2.44951248E-3 1.08496025E-2 2.12551982E-4 1.2094276E-2
0.863162041 2.44799256E-3 1.04275029E-2 2.09721693E-4 1.19251991E-2
0.868057489 2.44748592E-3 1.03415567E-2 2.05466888E-4 1.16567332E-2
0.872951508 2.44653225E-3 1.0080195E-2 2.02848925E-4 1.13103064E-2
0.877843499 2.44548917E-3 9.81415994E-3 1.97755289E-4 1.11570954E-2
0.882733464 2.44447589E-3 9.93059762E-3 1.97555433E-4 1.10134427E-2
0.887621999 2.44399905E-3 9.78081767E-3 1.96531066E-4 1.08831925E-2
0.892508984 2.44301558E-3 1.01368483E-2 1.9958787E-4 1.07585583E-2
0.897394001 2.4420023E-3 9.54105146E-3 1.94986365E-4 1.06192566E-2
0.90227747 2.44149566E-3 9.45346616E-3 1.93465923E-4 1.0498981E-2
0.907159448 2.44048238E-3 9.71223786E-3 1.97274901E-4 1.03739621E-2
0.912039995 2.44000554E-3 9.33207572E-3 1.92539024E-4 1.02458075E-2
0.916918993 2.43899226E-3 9.2640128E-3 1.92494728E-4 1.01304352E-2
0.921796441 2.43851542E-3 8.91377218E-3 1.86642748E-4 1.00050662E-2
0.926672995 2.43800879E-3 9.18391626E-3 1.90345105E-4 9.88759659E-3
0.931547999 2.43699551E-3 8.97196308E-3 1.86169738E-4 9.77671146E-3
0.936421037 2.43601203E-3 8.98256432E-3 1.88347374E-4 9.65148862E-3
0.941293001 2.43598223E-3 9.06160474E-3 1.88307618E-4 9.54398792E-3
0.946164012 2.43499875E-3 8.73813126E-3 1.8667242E-4 9.43223946E-3
0.951033473 2.43452191E-3 8.55618063E-3 1.81806041E-4 9.31756292E-3
0.95590198 2.43398547E-3 8.29243753E-3 1.7955924E-4 9.21449624E-3
0.960768998 2.433002E-3 8.57010111E-3 1.81003023E-4 9.10201482E-3
0.965635002 2.433002E-3 8.27956013E-3 1.76889138E-4 8.99737049E-3
0.970499992 2.43198872E-3 8.08698591E-3 1.7740039E-4 8.89762398E-3
0.975363493 2.43151188E-3 8.20593443E-3 1.78133661E-4 8.78627505E-3
0.980226517 2.43151188E-3 7.93356821E-3 1.72815824E-4 8.69027153E-3
0.985088468 2.4304688E-3 8.13729502E-3 1.74264787E-4 8.58940836E-3
0.989948988 2.43002176E-3 7.85964169E-3 1.71974534E-4 8.48781224E-3
0.994809031 2.42999196E-3 8.15502461E-3 1.7594987E-4 8.39571003E-3
0.999669492 2.4304986E-3 7.76805403E-3 1.72028624E-4 8.29385594E-3
1.00452995 2.43002176E-3 7.48011889E-3 1.67132996E-4 8.20142217E-3
1.00938499 2.42495537E-3 7.903005E-3 1.71552412E-4 8.11091345E-3
1.01424003 2.43002176E-3 7.30177388E-3 1.64930709E-4 8.01269989E-3
1.01909494 2.42501497E-3 7.27224909E-3 1.65087462E-4 7.92680588E-3
1.0239501 2.43002176E-3 7.3764259E-3 1.64094614E-4 7.83406384E-3
1.02880502 2.42495537E-3 7.13800872E-3 1.64253899E-4 7.74437329E-3
1.03365993 2.43002176E-3 6.90389518E-3 1.59836869E-4 7.66196148E-3
1.03851497 2.42495537E-3 7.27398926E-3 1.62764511E-4 7.56915566E-3
1.043365 2.42507458E-3 7.23674148E-3 1.63143646E-4 7.4882214E-3
1.04821503 2.42495537E-3 7.05534779E-3 1.58875016E-4 7.40541471E-3
1.05306506 2.42501497E-3 6.66568754E-3 1.56825001E-4 7.31926924E-3
1.05791497 2.42495537E-3 6.94948714E-3 1.59016607E-4 7.24246399E-3
1.06276488 2.42501497E-3 6.65088883E-3 1.55148358E-4 7.15838326E-3
1.06761503 2.42501497E-3 6.70974515E-3 1.57150265E-4 7.08024483E-3
1.07246494 2.42501497E-3 6.50933292E-3 1.54088833E-4 7.00536883E-3
1.07731509 2.42501497E-3 6.6060191E-3 1.54334062E-4 6.92196004E-3
1.082165 2.42495537E-3 6.59987377E-3 1.53316956E-4 6.84851315E-3
1.08701491 2.42501497E-3 6.47503417E-3 1.52084191E-4 6.77204551E-3
1.09186006 2.42000818E-3 6.23275433E-3 1.49784857E-4 6.69678394E-3
1.09670496 2.42501497E-3 6.08791225E-3 1.48515654E-4 6.62799366E-3
1.10155499 2.42495537E-3 6.04840321E-3 1.46607767E-4 6.55067246E-3
1.10640502 2.42501497E-3 5.98149234E-3 1.45237267E-4 6.48249453E-3
1.11124992 2.42000818E-3 5.87710226E-3 1.43512167E-4 6.41349377E-3
1.11609507 2.42501497E-3 6.29215082E-3 1.48154344E-4 6.34106435E-3
1.12094498 2.42501497E-3 5.79094747E-3 1.43803161E-4 6.27667177E-3
1.12579 2.41994858E-3 5.95034333E-3 1.45845872E-4 6.20646402E-3
1.13063502 2.42507458E-3 5.93383983E-3 1.44665464E-4 6.14078902E-3
1.13548005 2.41994858E-3 5.86163532E-3 1.44641221E-4 6.07816968E-3
1.14032507 2.42501497E-3 5.89758065E-3 1.43389057E-4 6.00851653E-3
1.14517498 2.42495537E-3 5.42363012E-3 1.3753213E-4 5.94830327E-3
1.15001988 2.42000818E-3 5.81367314E-3 1.42799297E-4 5.88445459E-3
1.15486503 2.42501497E-3 5.44019695E-3 1.40647811E-4 5.8211796E-3
1.15971494 2.42501497E-3 5.54920174E-3 1.38260191E-4 5.7632681E-3
1.16456008 2.42000818E-3 5.52562857E-3 1.38701187E-4 5.69837913E-3
1.16940498 2.42495537E-3 5.28964028E-3 1.3578494E-4 5.64107019E-3
1.17425501 2.42507458E-3 5.4590879E-3 1.37086332E-4 5.58299059E-3
1.17910004 2.41994858E-3 5.34963794E-3 1.36668765E-4 5.52198384E-3
1.18394494 2.42501497E-3 5.34492312E-3 1.34767761E-4 5.46787726E-3
1.18879497 2.42495537E-3 5.51621756E-3 1.37679628E-4 5.40872756E-3
1.19363999 2.42006779E-3 5.3153378E-3 1.35744485E-4 5.35338093E-3
1.19848514 2.42501497E-3 5.28027583E-3 1.3615402E-4 5.30067552E-3
1.20333505 2.42495537E-3 5.13350172E-3 1.33250142E-4 5.24186995E-3
1.20818496 2.42501497E-3 5.0798296E-3 1.31896988E-4 5.19111706E-3
1.21303499 2.42495537E-3 5.00635011E-3 1.3020297E-4 5.13731828E-3
1.21788502 2.42507458E-3 4.65155113E-3 1.2861038E-4 5.08378446E-3
1.22273505 2.42495537E-3 4.90463804E-3 1.29016305E-4 5.03493054E-3
1.22758007 2.42000818E-3 4.51843906E-3 1.25546416E-4 4.98030055E-3
1.23242497 2.42495537E-3 4.86814464E-3 1.29552835E-4 4.93179355E-3
1.23727989 2.43002176E-3 4.88641439E-3 1.29056891E-4 4.88284975E-3
1.24213505 2.42501497E-3 4.7353697E-3 1.26452767E-4 4.83104819E-3
1.24698496 2.42501497E-3 4.52725496E-3 1.2421493E-4 4.78525646E-3
1.25183511 2.42501497E-3 4.57147276E-3 1.23652557E-4 4.73550754E-3
1.25668502 2.42495537E-3 4.82866028E-3 1.26812214E-4 4.68841521E-3
1.26153493 2.42501497E-3 4.83481213E-3 1.28671978E-4 4.64407727E-3
1.26638997 2.42996216E-3 4.59114742E-3 1.23685357E-4 4.59399633E-3
1.271245 2.42507458E-3 4.47701011E-3 1.21823978E-4 4.55096923E-3
1.27610004 2.42996216E-3 4.59778402E-3 1.24607977E-4 4.50574234E-3
1.28095508 2.42501497E-3 4.40476695E-3 1.21756886E-4 4.4599832E-3
1.28580999 2.42996216E-3 4.44615679E-3 1.22001591E-4 4.41853469E-3
1.29066491 2.42501497E-3 4.41735517E-3 1.23242382E-4 4.37261211E-3
1.29551995 2.42996216E-3 4.29931143E-3 1.1878959E-4 4.33092983E-3
1.30037999 2.43008137E-3 4.19824617E-3 1.20196302E-4 4.28991579E-3
1.30524004 2.42996216E-3 4.24810778E-3 1.19517397E-4 4.24540695E-3
1.31009507 2.42501497E-3 4.26220149E-3 1.19895201E-4 4.196072E-3
1.31494999 2.42996216E-3 4.14388347E-3 1.16501127E-4 4.14012605E-3
1.31980991 2.43002176E-3 4.23937943E-3 1.19003955E-4 4.09990223E-3
1.32467496 2.43496895E-3 4.07157419E-3 1.16508229E-4 4.06267215E-3
1.32954001 2.43002176E-3 4.08917898E-3 1.17272641E-4 4.02086088E-3
1.33439994 2.42996216E-3 4.03622258E-3 1.1555817E-4 3.98409832E-3
1.33925986 2.43002176E-3 4.18704422E-3 1.17990989E-4 3.94678349E-3
1.34412503 2.43502855E-3 3.87588656E-3 1.14051567E-4 3.9074407E-3
1.34898996 2.43002176E-3 3.85665661E-3 1.14260183E-4 3.87244346E-3
1.35385501 2.43496895E-3 3.92415281E-3 1.13347633E-4 3.83455073E-3
1.35872006 2.43002176E-3 4.07870812E-3 1.16606221E-4 3.79847339E-3
1.363585 2.43496895E-3 4.05952847E-3 1.15889059E-4 3.7647048E-3
1.36845493 2.43502855E-3 3.68619594E-3 1.10851099E-4 3.72635457E-3
1.37331998 2.42996216E-3 3.59055796E-3 1.09379624E-4 3.69333965E-3
1.37818503 2.43502855E-3 3.75220366E-3 1.13635848E-4 3.65911168E-3
1.38305497 2.43496895E-3 3.79275251E-3 1.13530659E-4 3.62368417E-3
1.38792992 2.44003534E-3 3.70900566E-3 1.1058175E-4 3.59180896E-3
1.39280498 2.43496895E-3 3.68687417E-3 1.0960301E-4 3.55713023E-3
1.39767504 2.43502855E-3 3.49848578E-3 1.07248787E-4 3.52453883E-3
1.40254498 2.43496895E-3 3.49406502E-3 1.07329826E-4 3.49373906E-3
1.40741992 2.44003534E-3 3.46453069E-3 1.07484077E-4 3.4588757E-3
1.41229498 2.43496895E-3 3.41129326E-3 1.05858388E-4 3.42885754E-3
1.41717005 2.44003534E-3 3.25471861E-3 1.05321269E-4 3.39761656E-3
1.42205 2.43997574E-3 3.43482196E-3 1.0810743E-4 3.36540118E-3
1.42692494 2.43502855E-3 3.35724908E-3 1.0786645E-4 3.33642098E-3
1.43180001 2.43997574E-3 3.41615197E-3 1.05630963E-4 3.30485636E-3
1.43668008 2.44003534E-3 3.36964009E-3 1.05934239E-4 3.27515998E-3
1.44156003 2.43997574E-3 3.2983718E-3 1.05549807E-4 3.24712414E-3
1.44643998 2.43997574E-3 3.2821428E-3 1.04163126E-4 3.21530551E-3
1.45132494 2.44504213E-3 3.20910802E-3 1.03673803E-4 3.18790926E-3
1.45621002 2.43997574E-3 3.30672646E-3 1.07320157E-4 3.15954955E-3
1.46109509 2.44504213E-3 3.07913171E-3 1.04606384E-4 3.13005014E-3
1.46598005 2.43997574E-3 2.91286549E-3 1.01883452E-4 3.10357544E-3
1.47086501 2.44504213E-3 3.08025861E-3 1.02946979E-4 3.07498965E-3
1.47574997 2.43991613E-3 3.24874953E-3 1.06178668E-4 3.04768095E-3
1.48063493 2.44498253E-3 3.00106406E-3 1.04458879E-4 3.02209449E-3
1.48552489 2.44504213E-3 3.13074444E-3 1.04066516E-4 2.99332221E-3
1.49041498 2.44498253E-3 2.77005881E-3 9.90137778E-5 2.96803983E-3
1.49530506 2.44504213E-3 2.7822461E-3 9.94076399E-5 2.94246431E-3
1.50019503 2.44498253E-3 3.12377699E-3 1.03514154E-4 2.91522243E-3
1.50509 2.44998932E-3 2.93643819E-3 1.01491889E-4 2.89100432E-3
1.50998497 2.44504213E-3 3.14506795E-3 1.03643149E-4 2.86525558E-3
1.51487994 2.44992971E-3 2.88956333E-3 1.00065881E-4 2.83990894E-3
1.51977491 2.44504213E-3 2.95091211E-3 1.00463541E-4 2.81649409E-3
1.52467 2.44998932E-3 2.80834641E-3 9.8610195E-5 2.7906422E-3
1.52956998 2.44998932E-3 2.92805815E-3 9.86641462E-5 2.76706531E-3
1.53447008 2.45004892E-3 2.78046983E-3 9.71658155E-5 2.74414802E-3
1.53937006 2.44992971E-3 2.63952324E-3 9.4464478E-5 2.7187278E-3
1.54427004 2.45004892E-3 2.8081038E-3 1.0168914E-4 2.69674766E-3
1.54917002 2.44998932E-3 2.71192426E-3 9.52965929E-5 2.67374353E-3
1.55407 2.44998932E-3 2.63932091E-3 9.48942106E-5 2.6504132E-3
1.55897498 2.45505571E-3 2.73269461E-3 9.71030749E-5 2.62783025E-3
1.56387997 2.44992971E-3 2.58607441E-3 9.4235118E-5 2.60546478E-3
1.56878495 2.45499611E-3 2.7063603E-3 9.44167768E-5 2.5824958E-3
1.57368994 2.45004892E-3 2.74087908E-3 9.57651428E-5 2.56060273E-3
1.57859504 2.45499611E-3 2.61084223E-3 9.44513595E-5 2.53901188E-3
1.58350492 2.4549365E-3 2.67238542E-3 9.31412651E-5 2.5176038E-3
1.58841491 2.45505571E-3 2.64592981E-3 9.54796487E-5 2.49642227E-3
1.59332502 2.45499611E-3 2.50131241E-3 9.16423887E-5 2.47551571E-3
1.59823489 2.4549365E-3 2.7290876E-3 9.46977743E-5 2.45291507E-3
1.60314488 2.45505571E-3 2.44232337E-3 9.0950125E-5 2.42816657E-3
1.60806 2.4600029E-3 2.61279824E-3 9.34013005E-5 2.40930333E-3
1.612975 2.45499611E-3 2.52506626E-3 9.15162454E-5 2.40463088E-3
1.61789 2.4600029E-3 2.3096134E-3 8.92218959E-5 2.35594856E-3
1.622805 2.45499611E-3 2.52425275E-3 9.22590698E-5 2.35594856E-3
1.62772 2.4600029E-3 2.54679634E-3 9.27041256E-5 2.35380488E-3
1.63264 2.4600029E-3 2.19492917E-3 8.46322291E-5 2.29736022E-3
1.63756001 2.4600029E-3 2.37848191E-3 8.92930111E-5 2.29736022E-3
1.6424799 2.45994329E-3 2.33249576E-3 8.85319678E-5 2.29736022E-3
1.6473999 2.4600625E-3 2.34549912E-3 8.99465449E-5 2.241357E-3
1.65232003 2.4600029E-3 2.33158516E-3 8.72715318E-5 2.24066456E-3
1.65723991 2.45994329E-3 2.45248852E-3 9.04633853E-5 2.24066456E-3
1.66216493 2.46506929E-3 2.30127689E-3 8.67990311E-5 2.1891275E-3
1.66709006 2.4600029E-3 2.25734641E-3 8.63621608E-5 2.18578754E-3
1.67201495 2.46495008E-3 2.34188722E-3 8.8805944E-5 2.18578754E-3
1.67693996 2.4600029E-3 2.22203135E-3 8.65999828E-5 2.13827402E-3
1.68186498 2.46500969E-3 2.18497892E-3 8.49693606E-5 2.13265885E-3
1.686795 2.46500969E-3 2.22781347E-3 8.67040653E-5 2.13265885E-3
1.69172502 2.46495008E-3 2.15049135E-3 8.39934946E-5 2.08893395E-3
1.69665504 2.46506929E-3 2.31486326E-3 8.64711692E-5 2.08121096E-3
1.70158505 2.46500969E-3 2.10370799E-3 8.36859108E-5 2.08121096E-3
1.70651507 2.46495008E-3 1.94460072E-3 8.09393096E-5 2.0455888E-3
1.71144497 2.46500969E-3 2.22315709E-3 8.57012419E-5 2.03708606E-3
1.71638 2.47001648E-3 2.140444E-3 8.58842322E-5 2.02468783E-3
1.72131503 2.46500969E-3 2.16175895E-3 8.36582039E-5 2.00436777E-3
1.72624993 2.46995687E-3 2.19341042E-3 8.38321575E-5 1.98700582E-3
1.73118496 2.46500969E-3 2.08330271E-3 8.338302E-5 1.97141431E-3
1.73611999 2.47001648E-3 2.21516495E-3 8.4153995E-5 1.95598556E-3
1.74106002 2.47001648E-3 1.99405546E-3 8.26217074E-5 1.94069813E-3
1.74600005 2.46995687E-3 2.06097844E-3 8.26417963E-5 1.92556763E-3
1.75093997 2.47001648E-3 2.11303891E-3 8.40773209E-5 1.91059173E-3
1.75588 2.47001648E-3 2.08833138E-3 8.21664871E-5 1.89576857E-3
1.76082003 2.47001648E-3 1.96867832E-3 8.02938594E-5 1.88109616E-3
1.76575994 2.46995687E-3 1.9392441E-3 8.0484424E-5 1.866573E-3
1.77069998 2.47001648E-3 2.00832868E-3 8.1701728E-5 1.85219699E-3
1.77564001 2.47001648E-3 1.94002385E-3 8.01368369E-5 1.83796615E-3
1.78058505 2.47502327E-3 2.02318234E-3 7.98413166E-5 1.82386208E-3
1.78553009 2.46995687E-3 2.08040467E-3 8.25448515E-5 1.80990505E-3
1.79047489 2.47496367E-3 1.96038303E-3 8.01717615E-5 1.79605524E-3
1.79542494 2.47508287E-3 1.81533198E-3 7.68682075E-5 1.78236107E-3
1.80036998 2.46995687E-3 1.71214412E-3 7.47772065E-5 1.76881556E-3
1.80531502 2.47502327E-3 1.8683892E-3 8.03529692E-5 1.75540976E-3
1.81026506 2.47496367E-3 1.99957355E-3 8.10347192E-5 1.74212188E-3
1.81521487 2.47496367E-3 1.99323636E-3 8.12958315E-5 1.72896637E-3
1.82016492 2.47508287E-3 1.96661404E-3 8.11158898E-5 1.71594124E-3
1.82511497 2.47496367E-3 2.00141012E-3 8.22702059E-5 1.7030451E-3
1.83007002 2.48003006E-3 1.86792284E-3 8.00239577E-5 1.69026398E-3
1.83502507 2.47496367E-3 1.91093364E-3 7.99387417E-5 1.67760823E-3
1.83997488 2.47496367E-3 1.83382712E-3 7.84084332E-5 1.66509044E-3
1.84492993 2.48008966E-3 1.81476737E-3 7.92993233E-5 1.65027974E-3
1.84988499 2.47496367E-3 1.75003987E-3 7.91652128E-5 1.63421629E-3
1.85484004 2.47997046E-3 1.71055179E-3 7.78179819E-5 1.62213098E-3
1.85979497 2.47502327E-3 1.68172969E-3 7.88074321E-5 1.61016465E-3
1.86474991 2.47997046E-3 1.77632959E-3 7.93907093E-5 1.5983124E-3
1.86970997 2.48003006E-3 1.6037703E-3 7.77634341E-5 1.58656412E-3
1.87466502 2.47502327E-3 1.7703349E-3 8.00546186E-5 1.57494261E-3
1.87962008 2.47997046E-3 1.60790479E-3 7.75349326E-5 1.5634303E-3
1.88458002 2.48003006E-3 1.89296796E-3 8.3225983E-5 1.55201869E-3
1.88953996 2.47997046E-3 1.7060088E-3 7.82893549E-5 1.54071674E-3
1.89450002 2.47997046E-3 1.62992754E-3 7.77484165E-5 1.52951432E-3
1.89945996 2.48003006E-3 1.69817195E-3 7.79600814E-5 1.51841913E-3
1.90442502 2.48503685E-3 1.48054631E-3 7.34167406E-5 1.50642614E-3
1.90938997 2.47997046E-3 1.78349309E-3 7.95684318E-5 1.49159052E-3
1.91435003 2.47997046E-3 1.66683935E-3 7.76483939E-5 1.48600945E-3
1.91931498 2.48503685E-3 1.63617078E-3 7.8274119E-5 1.47577026E-3
1.92427993 2.47997046E-3 1.46897987E-3 7.31514447E-5 1.45773846E-3
1.929245 2.48503685E-3 1.41606422E-3 7.4057949E-5 1.45773846E-3
1.93421006 2.47997046E-3 1.7175863E-3 7.86983364E-5 1.44711742E-3
1.93917501 2.48503685E-3 1.60803052E-3 7.92240244E-5 1.42656767E-3
1.94413996 2.47997046E-3 1.52915833E-3 7.68309183E-5 1.42656767E-3
1.94910502 2.48497725E-3 1.49011542E-3 7.60968469E-5 1.4168761E-3
1.95407498 2.48503685E-3 1.52647484E-3 7.42644042E-5 1.39627198E-3
1.95904493 2.48497725E-3 1.44662964E-3 7.52309425E-5 1.39627198E-3
1.96401501 2.48503685E-3 1.56761461E-3 7.63643839E-5 1.38738356E-3
1.96898508 2.48497725E-3 1.50536455E-3 7.51308253E-5 1.36682135E-3
1.97395492 2.48497725E-3 1.48829259E-3 7.28694795E-5 1.36682135E-3
1.97892499 2.48503685E-3 1.38580694E-3 7.25939171E-5 1.35869777E-3
1.98389506 2.48497725E-3 1.429272E-3 7.22754194E-5 1.33818679E-3
1.9888649 2.48497725E-3 1.44924934E-3 7.5103555E-5 1.33818679E-3
1.99383497 2.48497725E-3 1.46252161E-3 7.51137341E-5 1.33079162E-3
1.99880505 2.48509645E-3 1.44824933E-3 7.48271195E-5 1.31034071E-3
2.00377989 2.48992443E-3 1.39322144E-3 7.21267934E-5 1.31034071E-3
2.00875497 2.48503685E-3 1.37663435E-3 7.12552719E-5 1.30358327E-3
2.01372504 2.48503685E-3 1.25953869E-3 6.95311974E-5 1.28325634E-3
2.01870012 2.48992443E-3 1.24897028E-3 6.95338022E-5 1.28325634E-3
2.02367496 2.48503685E-3 1.43207668E-3 7.24537458E-5 1.27710728E-3
2.02865005 2.49004364E-3 1.37326447E-3 7.39072711E-5 1.25690841E-3
2.03362513 2.48491764E-3 1.4983518E-3 7.6022734E-5 1.25690841E-3
2.03859997 2.49004364E-3 1.3918333E-3 7.33347188E-5 1.25129707E-3
2.04358006 2.48992443E-3 1.39752438E-3 7.25200443E-5 1.23127224E-3
2.0485549 2.48503685E-3 1.33943337E-3 7.02403777E-5 1.23127224E-3
2.05352998 2.49004364E-3 1.21255196E-3 6.96301649E-5 1.22616265E-3
2.05851007 2.49004364E-3 1.40594016E-3 7.02737816E-5 1.2063242E-3
2.06348991 2.48992443E-3 1.31343014E-3 7.11999819E-5 1.2063242E-3
2.06847 2.49004364E-3 1.35090458E-3 7.37613736E-5 1.20164279E-3
2.07345009 2.48992443E-3 1.17926963E-3 7.16073337E-5 1.18204171E-3
2.07842994 2.49004364E-3 1.2109183E-3 6.98246658E-5 1.18204171E-3
2.08340979 2.48992443E-3 1.27012318E-3 7.07170839E-5 1.17777055E-3
2.08838987 2.49004364E-3 1.20701932E-3 6.75347619E-5 1.15840312E-3
2.09336996 2.49004364E-3 1.34074956E-3 7.19104282E-5 1.15840312E-3
2.09835005 2.49004364E-3 1.35136419E-3 7.11769171E-5 1.15452008E-3
2.10333014 2.49004364E-3 1.30575174E-3 7.13489208E-5 1.13538711E-3
2.10831022 2.48992443E-3 1.24587899E-3 6.83804174E-5 1.13538711E-3
2.11329007 2.49004364E-3 1.22786791E-3 6.88301079E-5 1.13187626E-3
2.11827517 2.49493122E-3 1.27567293E-3 6.84163169E-5 1.11297367E-3
2.12326002 2.49004364E-3 1.23935333E-3 6.76959608E-5 1.11297367E-3
2.12824011 2.48992443E-3 1.27660425E-3 7.03250844E-5 1.10977457E-3
2.13321996 2.49004364E-3 1.17148994E-3 6.73776012E-5 1.0911437E-3
2.13820505 2.49493122E-3 1.18925853E-3 6.91756723E-5 1.0911437E-3
2.14318991 2.49004364E-3 1.15419447E-3 6.79867371E-5 1.08824018E-3
2.14817476 2.49493122E-3 1.16829155E-3 6.78277283E-5 1.06987834E-3
2.15315986 2.49004364E-3 1.2279147E-3 6.81709571E-5 1.06987834E-3
2.15814495 2.49505043E-3 1.20808766E-3 6.82397585E-5 1.0672214E-3
2.16313004 2.49004364E-3 1.12420623E-3 6.70519294E-5 1.04915968E-3
2.16811514 2.49505043E-3 1.05471362E-3 6.7209563E-5 1.04915968E-3
2.17309999 2.48992443E-3 1.26903388E-3 6.99431257E-5 1.0470422E-3
2.17808509 2.49505043E-3 1.13063538E-3 6.50191214E-5 1.03129027E-3
2.18307495 2.49493122E-3 1.11010729E-3 6.81009697E-5 1.03129027E-3
2.18806005 2.49004364E-3 1.15192228E-3 6.73589893E-5 1.02267077E-3
2.19304514 2.49493122E-3 1.06814608E-3 6.92379836E-5 1.01527409E-3
2.198035 2.49505043E-3 1.24884711E-3 7.24495912E-5 1.00858323E-3
2.20302486 2.49493122E-3 9.91171109E-4 6.43393869E-5 1.00215431E-3
2.20800996 2.49004364E-3 1.07674301E-3 6.70590016E-5 9.95786279E-4
2.21299505 2.49505043E-3 1.12968229E-3 6.71788803E-5 9.89471679E-4
2.21798515 2.49493122E-3 1.03445526E-3 6.89898807E-5 9.83204111E-4
2.22297502 2.49505043E-3 1.06950942E-3 7.18311348E-5 9.76989162E-4
2.22796488 2.49493122E-3 1.1234578E-3 6.90006345E-5 9.7082631E-4
2.23295498 2.49505043E-3 9.25493077E-4 6.49923968E-5 9.64714971E-4
2.23794508 2.49493122E-3 9.9506753E-4 6.87511929E-5 9.5865468E-4
2.24293494 2.49505043E-3 1.06356537E-3 7.07076033E-5 9.52644856E-4
2.2479248 2.49493122E-3 1.03133509E-3 7.02394173E-5 9.4668509E-4
2.25291491 2.49505043E-3 1.07107405E-3 7.31255859E-5 9.40774742E-4
2.25790501 2.49493122E-3 1.03717123E-3 6.82997634E-5 9.34913347E-4
2.26289487 2.49505043E-3 9.95066133E-4 6.83213439E-5 9.29100439E-4
2.26788473 2.49493122E-3 9.45068838E-4 7.15305505E-5 9.23335436E-4
2.27287483 2.49516964E-3 9.15691373E-4 7.04843042E-5 9.17617814E-4
2.27786517 2.49505043E-3 9.05708177E-4 7.64543511E-5 9.11946991E-4
2.28285503 2.49493122E-3 1.03651511E-3 7.39778043E-5 9.06323025E-4
2.28784513 2.49505043E-3 9.36559984E-4 7.17521107E-5 9.00745043E-4
2.29283524 2.49493122E-3 1.02112954E-3 7.60360927E-5 8.95212637E-4
2.2978251 2.49505043E-3 9.11725976E-4 6.96306306E-5 8.89725343E-4
2.30282021 2.49993801E-3 9.22816049E-4 7.13643021E-5 8.84276931E-4
2.30781507 2.49505043E-3 9.2811021E-4 7.12650872E-5 8.78873456E-4
2.31280518 2.49493122E-3 8.90867668E-4 7.011665E-5 8.73518933E-4
2.31779504 2.49505043E-3 9.62340506E-4 7.52234773E-5 8.682076E-4
2.32279015 2.49993801E-3 9.87731037E-4 7.42563134E-5 8.62933579E-4
2.32778502 2.49505043E-3 7.96350883E-4 6.89898807E-5 8.57702864E-4
2.33277512 2.49493122E-3 9.10971488E-4 7.39193638E-5 8.52519064E-4
2.33776999 2.50005722E-3 8.56775325E-4 7.55040091E-5 8.47371237E-4
2.34276485 2.49493122E-3 8.5393578E-4 7.38137387E-5 8.42265668E-4
2.34775496 2.49505043E-3 1.0310004E-3 8.0753809E-5 8.3720556E-4
2.35274982 2.49993801E-3 9.16127581E-4 7.36437942E-5 8.32180318E-4
2.35774493 2.49505043E-3 8.81145592E-4 7.85244192E-5 8.27196054E-4
2.36273503 2.49505043E-3 9.70282475E-4 7.64638025E-5 8.22255912E-4
2.36773014 2.49993801E-3 9.38262558E-4 7.47160957E-5 8.17349588E-4
2.37272501 2.49505043E-3 7.71130028E-4 6.99834636E-5 8.12483253E-4
2.37771988 2.49993801E-3 9.46295506E-4 7.39594252E-5 8.07654345E-4
2.38271499 2.49505043E-3 8.32656748E-4 6.95353156E-5 8.02864612E-4
2.38771009 2.49993801E-3 9.7183336E-4 7.5334181E-5 7.98111607E-4
2.39270496 2.49505043E-3 8.01101385E-4 6.88570653E-5 7.93397019E-4
2.39769506 2.49493122E-3 8.01449409E-4 7.18171505E-5 7.88371661E-4
2.40268993 2.50005722E-3 9.19027254E-4 7.27888546E-5 7.82925228E-4
2.4076848 2.49493122E-3 8.02108785E-4 7.11620814E-5 7.78047252E-4
2.41267991 2.50005722E-3 8.28656775E-4 6.96829011E-5 7.77614943E-4
2.41767502 2.49493122E-3 8.26154544E-4 7.20075768E-5 7.6603936E-4
2.42266989 2.50005722E-3 7.93154351E-4 7.06959545E-5 7.6603936E-4
2.42767 2.49993801E-3 9.28686699E-4 7.41703843E-5 7.65587669E-4
2.43266487 2.49505043E-3 8.13754392E-4 6.86148414E-5 7.52735708E-4
2.43765974 2.49993801E-3 8.30092526E-4 7.350745E-5 7.52735708E-4
2.44265485 2.49505043E-3 8.80618056E-4 7.1856266E-5 7.52345077E-4
2.44764996 2.50005722E-3 7.80177303E-4 6.87460779E-5 7.39738171E-4
2.45264482 2.49493122E-3 8.1903406E-4 6.85740815E-5 7.39738171E-4
2.45763993 2.50005722E-3 7.61726871E-4 7.19888412E-5 7.39382696E-4
2.46263981 2.49993801E-3 7.27307226E-4 6.94366972E-5 7.27037957E-4
2.46763492 2.49505043E-3 7.98433728E-4 7.39652751E-5 7.27037957E-4
2.47263002 2.49993801E-3 8.31619836E-4 6.93936381E-5 7.26704078E-4
2.4776299 2.50005722E-3 7.92047358E-4 7.04378181E-5 7.14190537E-4
2.48262501 2.49505043E-3 7.12575798E-4 6.38816564E-5 7.14190537E-4
2.48762012 2.50005722E-3 7.59686227E-4 6.69591755E-5 7.13889021E-4
2.49261999 2.49993801E-3 7.07225408E-4 6.35229953E-5 7.01644341E-4
2.4976151 2.49505043E-3 7.13316083E-4 6.39145583E-5 7.01644341E-4
2.50261021 2.49993801E-3 7.46901322E-4 6.58200806E-5 7.01384211E-4
2.50761008 2.50005722E-3 7.11348956E-4 6.23776068E-5 6.89811888E-4
2.51260519 2.49493122E-3 7.58304668E-4 6.51369774E-5 6.89811888E-4
2.51760006 2.50005722E-3 9.1389945E-4 6.93899128E-5 6.89580163E-4
2.52260017 2.49993801E-3 6.58466248E-4 6.25529065E-5 6.78243989E-4
2.52760005 2.50005722E-3 7.81332899E-4 6.68714565E-5 6.78243989E-4
2.53259516 2.49493122E-3 7.42246106E-4 6.52124436E-5 6.78040204E-4
2.53759003 2.50005722E-3 7.67093094E-4 6.96276038E-5 6.66933309E-4
2.54259014 2.50005722E-3 7.28321262E-4 6.5609187E-5 6.66933309E-4
2.54759026 2.49993801E-3 7.36370625E-4 6.43848762E-5 6.66733948E-4
2.55258512 2.49505043E-3 7.75619177E-4 6.53526804E-5 6.55872806E-4
2.55757999 2.49993801E-3 6.94255636E-4 6.20850042E-5 6.55872806E-4
2.56258011 2.50005722E-3 6.11337717E-4 6.20988139E-5 6.55699521E-4
2.56758022 2.49993801E-3 6.7072449E-4 6.34755997E-5 6.45055668E-4
2.57257509 2.49505043E-3 7.8604609E-4 6.54579781E-5 6.45055668E-4
2.57756996 2.49993801E-3 6.91155787E-4 6.35740216E-5 6.44907355E-4
2.58257008 2.50005722E-3 7.16935727E-4 6.58469799E-5 6.34475204E-4
2.58757019 2.49993801E-3 7.79669033E-4 6.85053383E-5 6.34475204E-4
2.59257007 2.50005722E-3 7.80439179E-4 6.63599276E-5 6.34330092E-4
2.59756994 2.49993801E-3 6.684814E-4 6.07717484E-5 6.24125008E-4
2.60256505 2.49505043E-3 5.87609888E-4 5.63803915E-5 6.24125008E-4
2.60756016 2.49993801E-3 6.98582269E-4 6.26245455E-5 6.24003354E-4
2.61256003 2.50005722E-3 5.51633246E-4 5.67322968E-5 6.13998913E-4
2.61755991 2.49993801E-3 6.38963014E-4 5.94882367E-5 6.13998913E-4
2.62256002 2.50005722E-3 7.0029241E-4 6.67352215E-5 6.1387982E-4
2.62755489 2.49493122E-3 6.48124143E-4 5.79341868E-5 6.04090746E-4
2.63255 2.50005722E-3 5.92206023E-4 5.95027705E-5 6.04090746E-4
2.63754988 2.49993801E-3 7.09818094E-4 6.15803947E-5 6.03994122E-4
2.64254999 2.50005722E-3 6.61403174E-4 6.3632564E-5 5.9439498E-4
2.64755011 2.50005722E-3 6.37875695E-4 6.18009726E-5 5.9439498E-4
2.65255022 2.49993801E-3 6.08637987E-4 5.55124789E-5 5.94299927E-4
2.6575501 2.50005722E-3 7.10830442E-4 6.39384598E-5 5.84905792E-4
2.6625452 2.49493122E-3 6.04507863E-4 5.77636893E-5 5.84905792E-4
2.66754007 2.50005722E-3 6.58468343E-4 5.92225151E-5 5.84831403E-4
2.67254019 2.49993801E-3 7.18089403E-4 6.30902214E-5 5.75617771E-4
2.67754006 2.50005722E-3 5.73642435E-4 5.69448348E-5 5.75617771E-4
2.68253994 2.49993801E-3 7.04578706E-4 5.99283885E-5 5.75544953E-4
2.68754005 2.50005722E-3 6.06789661E-4 6.07744805E-5 5.66525618E-4
2.69254017 2.49993801E-3 5.29616489E-4 6.00804342E-5 5.66525618E-4
2.69754004 2.50005722E-3 5.18849294E-4 5.59835207E-5 5.66454313E-4
2.70253992 2.49993801E-3 6.40384969E-4 6.34156095E-5 5.57624269E-4
2.70753503 2.49505043E-3 5.30787918E-4 5.87140967E-5 5.57624269E-4
2.71253014 2.49993801E-3 6.4991985E-4 6.10258357E-5 5.57571882E-4
2.71753001 2.50005722E-3 5.35072468E-4 5.72877507E-5 5.48908662E-4
2.72252989 2.49993801E-3 6.24688633E-4 6.26954497E-5 5.48908662E-4
2.72753 2.50005722E-3 5.95551799E-4 6.12874064E-5 5.48857381E-4
2.73253012 2.49993801E-3 5.66482311E-4 5.60719018E-5 5.4037408E-4
2.73752999 2.50005722E-3 6.26555644E-4 6.0764407E-5 5.4037408E-4
2.74252987 2.49993801E-3 5.72872523E-4 6.20887295E-5 5.40323847E-4
2.74752998 2.50005722E-3 6.3218642E-4 6.12397489E-5 5.32015809E-4
2.7525301 2.49993801E-3 6.22676278E-4 6.25453031E-5 5.32015809E-4
2.75752497 2.49505043E-3 5.4168707E-4 5.66463023E-5 5.31982922E-4
2.76252007 2.50005722E-3 4.9899891E-4 5.94800986E-5 5.23829251E-4
2.76751995 2.49993801E-3 5.28638077E-4 5.71904966E-5 5.23829251E-4
2.77252007 2.50005722E-3 6.0727814E-4 6.05118039E-5 5.2379712E-4
2.77752018 2.49993801E-3 5.07850433E-4 5.41189765E-5 5.15810214E-4
2.78252006 2.50005722E-3 5.39618894E-4 5.56986015E-5 5.15810214E-4
2.78751993 2.49993801E-3 6.48556976E-4 6.09616473E-5 5.15778782E-4
2.79252005 2.50005722E-3 5.81845117E-4 6.23113883E-5 5.07954392E-4
2.79752016 2.49993801E-3 6.50670729E-4 6.23678861E-5 5.07954392E-4
2.80252004 2.50005722E-3 4.86104254E-4 5.50025834E-5 5.07923542E-4
2.80751991 2.49993801E-3 5.96520142E-4 6.18349077E-5 5.00257593E-4
2.81252003 2.50005722E-3 5.61457069E-4 6.13545562E-5 5.00257593E-4
2.81752014 2.49993801E-3 5.27949713E-4 5.57248932E-5 5.00227325E-4
2.82252002 2.50005722E-3 4.33357985E-4 5.66511517E-5 4.92710795E-4
2.82751989 2.49993801E-3 5.74603735E-4 5.78019353E-5 4.92710795E-4
2.83252001 2.50005722E-3 5.16502361E-4 5.52718011E-5 4.92681167E-4
2.83751488 2.49493122E-3 5.19607915E-4 5.63233152E-5 4.85315424E-4
2.84250998 2.50005722E-3 5.79315179E-4 6.01128522E-5 4.85315424E-4
2.84750986 2.49993801E-3 5.52563928E-4 5.81132954E-5 4.85300901E-4
2.85250998 2.50005722E-3 5.42469206E-4 5.86432725E-5 4.78072558E-4
2.85751009 2.49993801E-3 4.83729498E-4 5.43115821E-5 4.78072558E-4
2.86250997 2.50005722E-3 5.34009014E-4 5.7589772E-5 4.78058326E-4
2.86750984 2.49993801E-3 4.75105626E-4 5.92699362E-5 4.70973406E-4
2.87250996 2.50005722E-3 5.74398902E-4 5.50138502E-5 4.70973406E-4
2.87751007 2.50005722E-3 5.52874408E-4 6.00482672E-5 4.70959465E-4
2.88251019 2.49993801E-3 4.78436879E-4 5.11954495E-5 4.64014534E-4
2.88751006 2.50005722E-3 5.75017184E-4 5.39702596E-5 4.64014534E-4
2.89250994 2.49993801E-3 4.72523039E-4 5.60430781E-5 4.64000856E-4
2.89751005 2.50005722E-3 5.19343594E-4 5.74399273E-5 4.57192451E-4
2.90251017 2.49993801E-3 5.76404156E-4 5.74166479E-5 4.57192451E-4
2.90751004 2.50005722E-3 5.53663936E-4 5.42316375E-5 4.57179034E-4
2.91250992 2.49993801E-3 5.82525798E-4 5.62573696E-5 4.50503809E-4
2.91751003 2.50005722E-3 5.41313319E-4 5.30150392E-5 4.50503809E-4
2.92251015 2.49993801E-3 5.35302097E-4 5.61661145E-5 4.50490654E-4
2.92751002 2.50005722E-3 5.41017274E-4 5.31192491E-5 4.43945377E-4
2.9325099 2.49993801E-3 4.99565038E-4 5.1467734E-5 4.43945377E-4
2.93751001 2.50005722E-3 5.50990924E-4 5.43560818E-5 4.43932484E-4
2.94251013 2.49993801E-3 4.46080579E-4 5.03076553E-5 4.37513983E-4
2.94751 2.50005722E-3 4.21410543E-4 5.56084451E-5 4.37513983E-4
2.95250988 2.49993801E-3 4.82804782E-4 5.19974383E-5 4.37501352E-4
2.95750999 2.50005722E-3 4.56381124E-4 5.28161036E-5 4.3120663E-4
2.96251011 2.49993801E-3 4.23857942E-4 5.06502984E-5 4.3120663E-4
2.96750998 2.50005722E-3 4.7050271E-4 5.13359519E-5 4.31194232E-4
2.97250986 2.49993801E-3 4.98936279E-4 4.92189538E-5 4.25020262E-4
2.97750998 2.50005722E-3 4.54423134E-4 5.217941E-5 4.25020262E-4
2.98251009 2.49993801E-3 4.57712391E-4 4.98605878E-5 4.25008126E-4
2.98750997 2.50005722E-3 4.08459135E-4 4.7734924E-5 4.18952084E-4
2.99250984 2.49993801E-3 3.60140868E-4 4.60285883E-5 4.18952084E-4
2.99750996 2.50005722E-3 5.36462525E-4 5.45066869E-5 4.18940152E-4
3.00251007 2.50005722E-3 4.14610782E-4 4.87733632E-5 4.12999158E-4
3.00751019 2.49993801E-3 4.92867141E-4 5.24354837E-5 4.12999158E-4
3.01250505 2.49505043E-3 4.25136212E-4 4.8682632E-5 4.12999158E-4
3.01749992 2.49993801E-3 4.46210615E-4 5.12876468E-5 4.07158921E-4
3.02250004 2.50005722E-3 4.43714671E-4 4.87866637E-5 4.07158921E-4
3.02750015 2.49993801E-3 4.20841534E-4 5.1755942E-5 4.07158921E-4
3.03250003 2.50005722E-3 5.30187623E-4 5.25290598E-5 4.01428639E-4
3.0374999 2.49993801E-3 4.18319163E-4 5.23139024E-5 4.01428639E-4
3.04250002 2.50005722E-3 3.98441713E-4 4.906088E-5 4.01428639E-4
3.04750013 2.49993801E-3 4.55438363E-4 5.39882276E-5 3.9580575E-4
3.05250001 2.50005722E-3 3.91906302E-4 4.89965641E-5 3.9580575E-4
3.05749989 2.49993801E-3 5.03411866E-4 4.97036563E-5 3.9580575E-4
3.0625 2.50005722E-3 4.37348819E-4 4.78468246E-5 3.9028778E-4
3.06750011 2.49993801E-3 4.61973017E-4 5.26673284E-5 3.9028778E-4
3.07249999 2.50005722E-3 5.20106172E-4 5.28111486E-5 3.9028778E-4
3.07749987 2.49993801E-3 4.36916016E-4 4.75347988E-5 3.84872226E-4
3.08249998 2.50005722E-3 4.17324307E-4 5.05138778E-5 3.84872226E-4
3.0875001 2.49993801E-3 4.43882105E-4 5.22950977E-5 3.84872226E-4
3.09249997 2.50005722E-3 3.91442678E-4 4.98014124E-5 3.7955679E-4
3.09749985 2.49993801E-3 4.37831128E-4 4.90454186E-5 3.7955679E-4
3.10249996 2.50005722E-3 3.77497723E-4 4.6638208E-5 3.7955679E-4
3.10750008 2.49993801E-3 4.24640632E-4 5.15976244E-5 3.74339143E-4
3.11249995 2.50005722E-3 3.52938718E-4 5.00111528E-5 3.74339143E-4
3.11749983 2.49993801E-3 4.06224106E-4 5.02643888E-5 3.74339143E-4
3.12249994 2.50005722E-3 4.43341967E-4 5.04290765E-5 3.69217072E-4
3.12750006 2.50005722E-3 3.99788289E-4 5.02262192E-5 3.69217072E-4
3.13250017 2.49993801E-3 3.53181531E-4 4.78904476E-5 3.69217072E-4
3.13750005 2.50005722E-3 3.5032889E-4 5.1576164E-5 3.64188309E-4
3.14249992 2.49993801E-3 3.01796506E-4 4.55814625E-5 3.64188309E-4
3.14750004 2.50005722E-3 3.74893862E-4 4.45456353E-5 3.64188309E-4
3.15250015 2.49993801E-3 4.25019214E-4 5.38886852E-5 3.59250873E-4
3.15750003 2.50005722E-3 3.24975786E-4 4.57473252E-5 3.59250873E-4
3.1624999 2.49993801E-3 3.91550944E-4 5.05711432E-5 3.59250873E-4
3.16750002 2.50005722E-3 4.13242989E-4 4.97283654E-5 3.5440264E-4
3.17250013 2.49993801E-3 3.86402942E-4 4.89354679E-5 3.5440264E-4
3.17750001 2.50005722E-3 4.15637856E-4 4.62164426E-5 3.5440264E-4
3.18249989 2.49993801E-3 3.42825166E-4 4.25559156E-5 3.49641574E-4
3.1875 2.50005722E-3 3.56454577E-4 4.77229332E-5 3.49641574E-4
3.19250011 2.49993801E-3 3.84733517E-4 4.71684907E-5 3.49641574E-4
3.19749999 2.50005722E-3 4.12997295E-4 5.02848125E-5 3.4493077E-4
3.20249987 2.49993801E-3 3.36768338E-4 4.19215685E-5 3.4493077E-4
3.20749998 2.50005722E-3 3.71506001E-4 4.82944561E-5 3.4493077E-4
3.2125001 2.49993801E-3 3.47954367E-4 4.72072352E-5 3.4030457E-4
3.21749997 2.50005722E-3 2.79371947E-4 4.47819184E-5 3.4030457E-4
3.22249985 2.49993801E-3 3.88951186E-4 5.11634571E-5 3.4030457E-4
3.22749996 2.50005722E-3 4.31109656E-4 5.04550226E-5 3.35795165E-4
3.23250008 2.49993801E-3 3.13895434E-4 4.99041889E-5 3.35795165E-4
3.23749995 2.50005722E-3 3.36674479E-4 4.29930624E-5 3.35795165E-4
3.24249983 2.49993801E-3 3.39638791E-4 4.3826778E-5 3.31365387E-4
3.24749994 2.50005722E-3 2.98661238E-4 4.82852229E-5 3.31365387E-4
3.25250006 2.50005722E-3 3.88560555E-4 4.48089268E-5 3.31365387E-4
3.25750017 2.49993801E-3 3.42619518E-4 4.82189971E-5 3.27013549E-4
3.26250005 2.50005722E-3 3.90265253E-4 4.9303766E-5 3.27013549E-4
3.26749992 2.49993801E-3 3.27590707E-4 4.22206322E-5 3.27013549E-4
3.27250004 2.50005722E-3 3.33718752E-4 4.56925263E-5 3.22737906E-4
3.27750015 2.49993801E-3 3.44483356E-4 4.2332038E-5 3.22737906E-4
3.28250003 2.50005722E-3 4.23536403E-4 4.8750233E-5 3.22737906E-4
3.2874999 2.49993801E-3 3.50662856E-4 4.58289869E-5 3.18536797E-4
3.29250002 2.50005722E-3 3.48014291E-4 4.40932927E-5 3.18536797E-4
3.29750013 2.49993801E-3 4.05598636E-4 4.76991518E-5 3.18536797E-4
3.30250001 2.50005722E-3 3.61368468E-4 5.25677642E-5 3.14408622E-4
3.30749989 2.49993801E-3 3.84055951E-4 4.8268932E-5 3.14408622E-4
3.3125 2.50005722E-3 3.41091305E-4 4.38362295E-5 3.14408622E-4
3.31750011 2.49993801E-3 4.28689382E-4 5.04188392E-5 3.1035181E-4
3.32249999 2.50005722E-3 3.27482325E-4 4.23407764E-5 3.1035181E-4
3.32749987 2.49993801E-3 3.21573258E-4 4.52474051E-5 3.1035181E-4
3.33249998 2.50005722E-3 3.15483281E-4 4.17694428E-5 3.06364789E-4
3.3375001 2.49993801E-3 3.95396404E-4 4.78719339E-5 3.06364789E-4
3.34249997 2.50005722E-3 2.72998121E-4 4.58414506E-5 3.06364789E-4
3.34749985 2.49993801E-3 3.86313099E-4 4.69629449E-5 3.02446075E-4
3.35249996 2.50005722E-3 3.4531171E-4 4.6470901E-5 3.02446075E-4
3.35750008 2.49993801E-3 3.85356339E-4 4.96903922E-5 3.02446075E-4
3.36249995 2.50005722E-3 3.81534104E-4 4.95939385E-5 2.98594241E-4
3.36749983 2.49993801E-3 3.20480904E-4 4.13309535E-5 2.98594241E-4
3.37249994 2.50005722E-3 3.86066095E-4 4.85878772E-5 2.98594241E-4
3.37750006 2.50005722E-3 3.55961674E-4 4.44280413E-5 2.94807804E-4
3.38250017 2.49993801E-3 3.58582969E-4 4.44336038E-5 2.94807804E-4
3.38750005 2.50005722E-3 3.43466556E-4 4.83682707E-5 2.94807804E-4
3.39249992 2.49993801E-3 3.41524457E-4 4.21173754E-5 2.91085453E-4
3.39750004 2.50005722E-3 2.69693322E-4 4.59718249E-5 2.91085453E-4
3.40250015 2.49993801E-3 2.63433874E-4 4.15715804E-5 2.91085453E-4
3.40750003 2.50005722E-3 3.6756249E-4 4.475678E-5 2.87425792E-4
3.4124999 2.49993801E-3 3.18004953E-4 4.82541291E-5 2.87425792E-4
3.41750002 2.50005722E-3 3.15145589E-4 4.36230766E-5 2.87425792E-4
3.42250013 2.49993801E-3 3.34895973E-4 4.38681673E-5 2.8382754E-4
3.42750001 2.50005722E-3 2.74416961E-4 4.44222605E-5 2.8382754E-4
3.43249989 2.49993801E-3 2.35383384E-4 4.13524722E-5 2.8382754E-4
3.4375 2.50005722E-3 3.2268645E-4 4.03861886E-5 2.80289387E-4
3.44250011 2.49993801E-3 2.99322564E-4 4.13535308E-5 2.80289387E-4
3.44749999 2.50005722E-3 2.96671729E-4 4.12578192E-5 2.80289387E-4
3.45249987 2.49993801E-3 3.24940193E-4 4.38032657E-5 2.76810082E-4
3.45749998 2.50005722E-3 3.0130861E-4 4.34566318E-5 2.76810082E-4
3.4625001 2.49993801E-3 2.43279588E-4 3.63082981E-5 2.76810082E-4
3.46749997 2.50005722E-3 3.26328911E-4 4.92704276E-5 2.73388403E-4
3.47249985 2.49993801E-3 2.81013548E-4 4.02488913E-5 2.73388403E-4
3.47749996 2.50005722E-3 3.15159297E-4 4.10018438E-5 2.73388403E-4
3.48250008 2.49993801E-3 2.64277711E-4 4.22918929E-5 2.70023185E-4
3.48749995 2.50005722E-3 2.51496735E-4 3.94222188E-5 2.70023185E-4
3.49249983 2.49993801E-3 3.15337384E-4 4.13497037E-5 2.70023185E-4
3.49749994 2.50005722E-3 2.59224296E-4 3.83192964E-5 2.66713236E-4
3.50250006 2.50005722E-3 2.28154138E-4 4.16195071E-5 2.66713236E-4
3.50750017 2.49993801E-3 3.67877103E-4 4.55098198E-5 2.66713236E-4
3.51250005 2.50005722E-3 2.67381343E-4 4.06036161E-5 2.63457419E-4
3.51749992 2.49993801E-3 2.36020685E-4 3.47232526E-5 2.63457419E-4
3.52250004 2.50005722E-3 2.68701493E-4 4.792244E-5 2.63457419E-4
3.52750015 2.49993801E-3 3.16785125E-4 3.96406103E-5 2.60254688E-4
3.53250003 2.50005722E-3 2.06281198E-4 4.09416025E-5 2.60254688E-4
3.5374999 2.49993801E-3 2.49804871E-4 4.10050561E-5 2.60254688E-4
3.54250002 2.50005722E-3 3.11773794E-4 4.34286994E-5 2.57103908E-4
3.54750013 2.49993801E-3 3.59660306E-4 4.95983004E-5 2.57103908E-4
3.55250001 2.50005722E-3 2.44214229E-4 3.97645454E-5 2.57103908E-4
3.55749989 2.49993801E-3 2.56900181E-4 4.11881592E-5 2.54004059E-4
3.5625 2.50005722E-3 3.1275177E-4 4.21356781E-5 2.54004059E-4
3.56750011 2.49993801E-3 2.78354622E-4 4.21363948E-5 2.54004059E-4
3.57249999 2.50005722E-3 3.10432049E-4 4.38978204E-5 2.50954123E-4
3.57749987 2.49993801E-3 2.5312553E-4 4.04787061E-5 2.50954123E-4
3.58249998 2.50005722E-3 2.3706707E-4 3.94717863E-5 2.50954123E-4
3.5875001 2.49993801E-3 2.51559279E-4 3.88344852E-5 2.47953052E-4
3.59249997 2.50005722E-3 3.18186852E-4 4.06761574E-5 2.47953052E-4
3.59749985 2.49993801E-3 2.4189071E-4 4.11125802E-5 2.47953052E-4
3.60249996 2.50005722E-3 3.95308714E-4 4.37335111E-5 2.44999916E-4
3.60750008 2.49993801E-3 3.32289375E-4 4.31551634E-5 2.44999916E-4
3.61249995 2.50005722E-3 3.11001524E-4 4.78588227E-5 2.44999916E-4
3.61749983 2.49993801E-3 3.15852929E-4 4.28987587E-5 2.42093709E-4
3.62249994 2.50005722E-3 2.95199017E-4 4.16797739E-5 2.42093709E-4
3.62750006 2.50005722E-3 2.54278624E-4 3.78045879E-5 2.42093709E-4
3.63250017 2.49993801E-3 3.03443871E-4 3.74644515E-5 2.39233559E-4
3.63750005 2.50005722E-3 1.69760635E-4 3.93774753E-5 2.39233559E-4
3.64249992 2.49993801E-3 2.59271765E-4 3.75955206E-5 2.39233559E-4
3.64750004 2.50005722E-3 2.60972796E-4 3.81801547E-5 2.36418535E-4
3.65250015 2.49993801E-3 3.01186315E-4 4.53313914E-5 2.36418535E-4
3.65750003 2.50005722E-3 2.71453202E-4 3.81525933E-5 2.36418535E-4
3.6624999 2.49993801E-3 2.19895039E-4 3.60983613E-5 2.33647748E-4
3.66750002 2.50005722E-3 2.59126682E-4 3.54887015E-5 2.33647748E-4
3.67250013 2.49993801E-3 2.05712175E-4 4.18886448E-5 2.33647748E-4
3.67750001 2.50005722E-3 2.46241456E-4 3.64300977E-5 2.30920326E-4
3.68249989 2.49993801E-3 2.70510325E-4 3.69600348E-5 2.30920326E-4
3.6875 2.50005722E-3 2.43332674E-4 4.09966888E-5 2.30920326E-4
3.69250011 2.49993801E-3 2.51507416E-4 3.68261717E-5 2.28235425E-4
3.69749999 2.50005722E-3 2.55853985E-4 3.86662105E-5 2.28235425E-4
3.70249987 2.49993801E-3 2.26019212E-4 3.62254432E-5 2.28235425E-4
3.70749998 2.50005722E-3 2.59661581E-4 3.83918341E-5 2.25592215E-4
3.7125001 2.49993801E-3 2.99632229E-4 4.13802481E-5 2.25592215E-4
3.71749997 2.50005722E-3 1.7652259E-4 3.65881097E-5 2.25592215E-4
3.72249985 2.49993801E-3 2.34532359E-4 4.04064958E-5 2.22989896E-4
3.72749996 2.50005722E-3 2.63026595E-4 3.74164993E-5 2.22989896E-4
3.73250008 2.49993801E-3 2.25120821E-4 3.75464042E-5 2.22989896E-4
3.73749995 2.50005722E-3 2.1734793E-4 3.36172743E-5 2.20427668E-4
3.74249983 2.49993801E-3 2.73345533E-4 4.47446946E-5 2.20427668E-4
3.74749994 2.50005722E-3 2.46233103E-4 3.69576992E-5 2.20427668E-4
3.75250006 2.50005722E-3 1.95638597E-4 3.5507077E-5 2.17904759E-4
3.75750017 2.49993801E-3 2.5077071E-4 3.7199803E-5 2.17904759E-4
3.76250005 2.50005722E-3 2.40116773E-4 3.72364593E-5 2.17904759E-4
3.76749992 2.49993801E-3 2.15891516E-4 3.87086511E-5 2.15420441E-4
3.77250004 2.50005722E-3 2.18802932E-4 3.81004575E-5 2.15420441E-4
3.77750015 2.49993801E-3 2.67134572E-4 3.62866049E-5 2.15420441E-4
3.78250003 2.50005722E-3 2.16280736E-4 3.77344586E-5 2.12973959E-4
3.7874999 2.49993801E-3 2.1805297E-4 3.47555251E-5 2.12973959E-4
3.79250002 2.50005722E-3 1.87664613E-4 3.47561217E-5 2.12973959E-4
3.79750013 2.49993801E-3 2.48863274E-4 3.68384972E-5 2.10564598E-4
3.80250001 2.50005722E-3 3.10892559E-4 4.2513806E-5 2.10564598E-4
3.80749989 2.49993801E-3 1.68684768E-4 3.72272843E-5 2.10564598E-4
3.8125 2.50005722E-3 2.99573643E-4 4.45965743E-5 2.08191661E-4
3.81750011 2.49993801E-3 2.74152961E-4 3.9242128E-5 2.08191661E-4
3.82249999 2.50005722E-3 2.30734848E-4 3.91160211E-5 2.08191661E-4
3.82749987 2.49993801E-3 2.38762645E-4 3.71023598E-5 2.05854449E-4
3.83249998 2.50005722E-3 1.95779445E-4 3.47361565E-5 2.05854449E-4
3.8375001 2.49993801E-3 2.3426085E-4 3.71413917E-5 2.05854449E-4
3.84249997 2.50005722E-3 2.24087504E-4 3.88028348E-5 2.03552292E-4
3.84749985 2.49993801E-3 2.4970845E-4 3.58813413E-5 2.03552292E-4
3.85249996 2.50005722E-3 1.5755801E-4 3.18944149E-5 2.03552292E-4
3.85750008 2.49993801E-3 2.33323226E-4 3.5342131E-5 2.01284536E-4
3.86249995 2.50005722E-3 2.42928916E-4 3.59333862E-5 2.01284536E-4
3.86749983 2.49993801E-3 1.54152149E-4 3.81576865E-5 2.01284536E-4
3.87249994 2.50005722E-3 1.91544663E-4 3.45444278E-5 1.99050555E-4
3.87750006 2.50005722E-3 1.65513324E-4 3.86100182E-5 1.99050555E-4
3.88250017 2.49993801E-3 2.91713368E-4 4.08224842E-5 1.99050555E-4
3.88750005 2.50005722E-3 2.1156235E-4 3.38220161E-5 1.9684968E-4
3.89249992 2.49993801E-3 2.42572321E-4 4.01270627E-5 1.9684968E-4
3.89750004 2.50005722E-3 2.2690343E-4 3.74621959E-5 1.9684968E-4
3.90250015 2.49993801E-3 2.80035048E-4 3.60228914E-5 1.94681357E-4
3.90750003 2.50005722E-3 1.65707417E-4 4.12524896E-5 1.94681357E-4
3.9124999 2.49993801E-3 2.17529639E-4 3.66394306E-5 1.94681357E-4
3.91750002 2.50005722E-3 2.28843724E-4 3.63121471E-5 1.92544947E-4
3.92250013 2.49993801E-3 1.71385007E-4 3.43120955E-5 1.92544947E-4
3.92750001 2.50005722E-3 2.36354666E-4 3.85698113E-5 1.92544947E-4
3.93249989 2.49993801E-3 1.6380896E-4 3.71353344E-5 1.90439867E-4
3.9375 2.50005722E-3 2.25200187E-4 4.05755382E-5 1.90439867E-4
3.94250011 2.49993801E-3 2.02211231E-4 3.45848093E-5 1.90439867E-4
3.94749999 2.50005722E-3 1.78486051E-4 3.78233235E-5 1.8836555E-4
3.95249987 2.49993801E-3 2.37431639E-4 3.8813032E-5 1.8836555E-4
3.95749998 2.50005722E-3 2.30079298E-4 3.63853906E-5 1.8836555E-4
3.9625001 2.49993801E-3 1.23342761E-4 3.86732354E-5 1.86321442E-4
3.96749997 2.50005722E-3 1.83929355E-4 3.35272816E-5 1.86321442E-4
3.97249985 2.49993801E-3 1.54640584E-4 3.05325302E-5 1.86321442E-4
3.97749996 2.50005722E-3 2.26469914E-4 3.28885581E-5 1.84306977E-4
3.98250008 2.49993801E-3 2.0565762E-4 3.61788807E-5 1.84306977E-4
3.98749995 2.50005722E-3 2.54673243E-4 3.36608246E-5 1.84306977E-4
3.99249983 2.49993801E-3 1.49095431E-4 3.22818814E-5 1.82321615E-4
3.99749994 2.50005722E-3 2.54654384E-4 3.62657265E-5 1.82321615E-4
4.00250006 2.50005722E-3 2.00918221E-4 3.73419025E-5 1.82321615E-4
4.00750017 2.50005722E-3 2.25076074E-4 3.51306517E-5 1.80364863E-4
4.01249981 2.4998188E-3 1.69180552E-4 3.13127566E-5 1.80364863E-4
4.01749992 2.50005722E-3 2.61940178E-4 3.54867516E-5 1.80364863E-4
4.02250004 2.50005722E-3 2.47936259E-4 3.51939452E-5 1.78436181E-4
4.02750015 2.50005722E-3 2.05497156E-4 3.32794734E-5 1.78436181E-4
4.03250027 2.4998188E-3 1.96472232E-4 3.36245394E-5 1.78436181E-4
4.0374999 2.50005722E-3 1.87229336E-4 3.26086592E-5 1.76525413E-4
4.04250002 2.50005722E-3 2.19444526E-4 3.36721896E-5 1.76525413E-4
4.04750013 2.50005722E-3 1.20604614E-4 3.81078789E-5 1.76525413E-4
4.05249977 2.4998188E-3 1.82078351E-4 3.40334991E-5 1.74642017E-4
4.05749989 2.50005722E-3 2.22828196E-4 3.51121671E-5 1.74642017E-4
4.0625 2.50005722E-3 1.77470458E-4 3.31161464E-5 1.74642017E-4
4.06750011 2.50005722E-3 1.89930608E-4 3.62852479E-5 1.72794971E-4
4.07250023 2.4998188E-3 1.83162338E-4 3.05997346E-5 1.72794971E-4
4.07749987 2.50005722E-3 1.46335049E-4 3.25855035E-5 1.72794971E-4
4.08249998 2.50005722E-3 2.2197458E-4 3.84959894E-5 1.70974032E-4
4.0875001 2.50005722E-3 2.29340469E-4 3.77789038E-5 1.70974032E-4
4.09249973 2.4998188E-3 2.40216134E-4 3.51787494E-5 1.70974032E-4
4.09749985 2.50005722E-3 2.02313386E-4 3.80165184E-5 1.69178733E-4
4.10249996 2.50005722E-3 1.81138646E-4 3.46064407E-5 1.69178733E-4
4.10750008 2.50005722E-3 1.87871352E-4 3.48366448E-5 1.69178733E-4
4.11250019 2.4998188E-3 1.41191238E-4 3.373656E-5 1.67408638E-4
4.11749983 2.50005722E-3 1.8264848E-4 3.35069235E-5 1.67408638E-4
4.12249994 2.50005722E-3 1.97096786E-4 3.79059129E-5 1.67408638E-4
4.12750006 2.50005722E-3 1.44996229E-4 2.9972789E-5 1.65663339E-4
4.13250017 2.50005722E-3 1.97599627E-4 3.83627703E-5 1.65663339E-4
4.13749981 2.4998188E-3 1.60056545E-4 3.52814641E-5 1.65663339E-4
4.14249992 2.50005722E-3 1.31887005E-4 2.66125226E-5 1.63942343E-4
4.14750004 2.50005722E-3 1.66319558E-4 3.40257793E-5 1.63942343E-4
4.15250015 2.50005722E-3 2.0890712E-4 3.7497608E-5 1.63942343E-4
4.15750027 2.4998188E-3 2.03748699E-4 3.75757772E-5 1.62245255E-4
4.1624999 2.50005722E-3 1.51744083E-4 3.26711634E-5 1.62245255E-4
4.16750002 2.50005722E-3 1.52595501E-4 3.36082048E-5 1.62245255E-4
4.17250013 2.50005722E-3 1.99715316E-4 3.20333274E-5 1.60571682E-4
4.17749977 2.4998188E-3 1.50036591E-4 2.90261523E-5 1.60571682E-4
4.18249989 2.50005722E-3 1.75173554E-4 3.37659767E-5 1.60571682E-4
4.1875 2.50005722E-3 1.82499687E-4 3.08326416E-5 1.58921204E-4
4.19250011 2.50005722E-3 1.65484627E-4 3.70451635E-5 1.58921204E-4
4.19750023 2.4998188E-3 1.9875924E-4 3.64250336E-5 1.58921204E-4
4.20249987 2.50005722E-3 1.61800548E-4 2.80225941E-5 1.57293383E-4
4.20749998 2.50005722E-3 1.44898542E-4 3.15619618E-5 1.57293383E-4
4.2125001 2.50005722E-3 1.67850521E-4 3.59872429E-5 1.57293383E-4
4.21749973 2.4998188E-3 1.30828965E-4 3.83150691E-5 1.55687871E-4
4.22249985 2.50005722E-3 1.37485826E-4 3.13203091E-5 1.55687871E-4
4.22749996 2.50005722E-3 7.59398099E-5 3.31612828E-5 1.55687871E-4
4.23250008 2.50005722E-3 1.36669245E-4 2.88670653E-5 1.54104302E-4
4.23750019 2.4998188E-3 1.52533918E-4 3.22497726E-5 1.54104302E-4
4.24249983 2.50005722E-3 1.55087982E-4 3.34799515E-5 1.54104302E-4
4.24749994 2.50005722E-3 1.62119934E-4 3.08247509E-5 1.52542241E-4
4.25250006 2.50005722E-3 1.58832729E-4 3.24018692E-5 1.52542241E-4
4.25750017 2.50005722E-3 1.15412557E-4 2.69784559E-5 1.52542241E-4
4.26249981 2.4998188E-3 1.62302749E-4 3.63262079E-5 1.51001368E-4
4.26749992 2.50005722E-3 1.74377827E-4 3.07937771E-5 1.51001368E-4
4.27250004 2.50005722E-3 1.69957362E-4 3.51552408E-5 1.51001368E-4
4.27750015 2.50005722E-3 1.43617319E-4 2.94437978E-5 1.49481333E-4
4.28250027 2.4998188E-3 1.81363546E-4 3.07183145E-5 1.49481333E-4
4.2874999 2.50005722E-3 1.99467831E-4 3.37009005E-5 1.49481333E-4
4.29250002 2.50005722E-3 2.22073533E-4 3.36907578E-5 1.47981773E-4
4.29750013 2.50005722E-3 1.29097403E-4 3.11495132E-5 1.47981773E-4
4.30249977 2.4998188E-3 1.44681864E-4 3.91874091E-5 1.47981773E-4
4.30749989 2.50005722E-3 9.82191923E-5 3.56388009E-5 1.46502309E-4
4.3125 2.50005722E-3 1.28861007E-4 3.07281407E-5 1.46502309E-4
4.31750011 2.50005722E-3 1.47678438E-4 2.54473616E-5 1.46502309E-4
4.32250023 2.4998188E-3 1.63182791E-4 3.42386193E-5 1.45042635E-4
4.32749987 2.50005722E-3 1.2711552E-4 2.63093407E-5 1.45042635E-4
4.33249998 2.50005722E-3 1.54242312E-4 2.99796338E-5 1.45042635E-4
4.3375001 2.50005722E-3 1.3311267E-4 3.49436959E-5 1.43602447E-4
4.34249973 2.4998188E-3 1.40301534E-4 3.20221843E-5 1.43602447E-4
4.34749985 2.50005722E-3 1.21289318E-4 3.24634821E-5 1.43602447E-4
4.35249996 2.50005722E-3 1.73065942E-4 3.15561956E-5 1.42181379E-4
4.35750008 2.50005722E-3 1.95717046E-4 3.4365461E-5 1.42181379E-4
4.36250019 2.4998188E-3 2.0380276E-4 3.45507724E-5 1.42181379E-4
4.36749983 2.50005722E-3 1.3594162E-4 3.43768661E-5 1.40779113E-4
4.37249994 2.50005722E-3 1.51595043E-4 3.10173091E-5 1.40779113E-4
4.37750006 2.50005722E-3 1.2552955E-4 3.14485405E-5 1.40779113E-4
4.38250017 2.50005722E-3 9.50138274E-5 2.59276494E-5 1.39395343E-4
4.38749981 2.4998188E-3 1.38921387E-4 2.69605425E-5 1.39395343E-4
4.39249992 2.50005722E-3 1.06194282E-4 2.65032595E-5 1.39395343E-4
4.39750004 2.50005722E-3 1.64713361E-4 3.20361432E-5 1.38029791E-4
4.40250015 2.50005722E-3 1.44503254E-4 3.04357382E-5 1.38029791E-4
4.40750027 2.4998188E-3 1.81961586E-4 3.09897914E-5 1.38029791E-4
4.4124999 2.50005722E-3 1.45297759E-4 2.99675266E-5 1.36682123E-4
4.41750002 2.50005722E-3 1.43015117E-4 3.63528088E-5 1.36682123E-4
4.42250013 2.50005722E-3 1.8731707E-4 3.29766954E-5 1.36682123E-4
4.42749977 2.4998188E-3 1.14160794E-4 3.04499645E-5 1.35352049E-4
4.43249989 2.50005722E-3 1.45370956E-4 3.1314532E-5 1.35352049E-4
4.4375 2.50005722E-3 1.47620915E-4 3.00760694E-5 1.35352049E-4
4.44250011 2.50005722E-3 1.37289171E-4 2.88606807E-5 1.34039336E-4
4.44750023 2.4998188E-3 1.25914827E-4 3.17286031E-5 1.34039336E-4
4.45249987 2.50005722E-3 1.46476596E-4 2.99373369E-5 1.34039336E-4
4.45749998 2.50005722E-3 1.88882826E-4 3.25230103E-5 1.32743648E-4
4.4625001 2.50005722E-3 1.52951063E-4 3.22082524E-5 1.32743648E-4
4.46749973 2.4998188E-3 9.34979471E-5 2.5283176E-5 1.32743648E-4
4.47249985 2.50005722E-3 1.39790442E-4 3.12566699E-5 1.31464694E-4
4.47749996 2.50005722E-3 1.51566303E-4 3.01115815E-5 1.31464694E-4
4.48250008 2.50005722E-3 9.70275723E-5 2.85468777E-5 1.31464694E-4
4.48750019 2.4998188E-3 1.84750985E-4 3.05123522E-5 1.30202243E-4
4.49249983 2.50005722E-3 2.02005089E-4 3.2200307E-5 1.30202243E-4
4.49749994 2.50005722E-3 2.30244637E-4 3.65069718E-5 1.30202243E-4
4.50250006 2.50005722E-3 9.71260015E-5 3.55715893E-5 1.28956017E-4
4.50750017 2.50005722E-3 1.83710828E-4 3.56657438E-5 1.28956017E-4
4.51249981 2.4998188E-3 1.64049852E-4 3.50846567E-5 1.28956017E-4
4.51749992 2.50005722E-3 1.43447804E-4 2.91200977E-5 1.27725754E-4
4.52250004 2.50005722E-3 1.7508684E-4 3.72671311E-5 1.27725754E-4
4.52750015 2.50005722E-3 1.38039977E-4 3.34207725E-5 1.27725754E-4
4.53250027 2.4998188E-3 1.68427025E-4 2.95550817E-5 1.26511193E-4
4.5374999 2.50005722E-3 1.32382323E-4 2.87455332E-5 1.26511193E-4
4.54250002 2.50005722E-3 1.72542073E-4 3.42573658E-5 1.26511193E-4
4.54750013 2.50005722E-3 1.55257658E-4 3.09821226E-5 1.25312101E-4
4.55249977 2.4998188E-3 1.67049468E-4 3.16391015E-5 1.25312101E-4
4.55749989 2.50005722E-3 1.40156641E-4 2.78462467E-5 1.25312101E-4
4.5625 2.50005722E-3 1.44936246E-4 3.16415462E-5 1.2412823E-4
4.56750011 2.50005722E-3 1.17685639E-4 3.33085482E-5 1.2412823E-4
4.57250023 2.4998188E-3 1.19273551E-4 2.98386658E-5 1.2412823E-4
4.57749987 2.50005722E-3 1.47057188E-4 3.40829502E-5 1.22959304E-4
4.58249998 2.50005722E-3 1.50941851E-4 2.89986147E-5 1.22959304E-4
4.5875001 2.50005722E-3 1.21410332E-4 3.30287039E-5 1.22959304E-4
4.59249973 2.4998188E-3 8.91101736E-5 3.41768209E-5 1.21805111E-4
4.59749985 2.50005722E-3 9.89559412E-5 2.36214073E-5 1.21805111E-4
4.60249996 2.50005722E-3 2.37081491E-4 3.77379947E-5 1.21805111E-4
4.60750008 2.50005722E-3 1.17528652E-4 2.74983686E-5 1.20665442E-4
4.61250019 2.4998188E-3 1.53489396E-4 3.1910542E-5 1.20665442E-4
4.61749983 2.50005722E-3 1.62648212E-4 2.92571967E-5 1.20665442E-4
4.62249994 2.50005722E-3 2.18100715E-4 3.37794045E-5 1.19540025E-4
4.62750006 2.50005722E-3 1.30341941E-4 3.19136889E-5 1.19540025E-4
4.63250017 2.50005722E-3 1.49851199E-4 3.1765765E-5 1.19540025E-4
4.63749981 2.4998188E-3 1.26426283E-4 2.98411233E-5 1.18428659E-4
4.64249992 2.50005722E-3 7.44746212E-5 2.92194691E-5 1.18428659E-4
4.64750004 2.50005722E-3 1.55636008E-4 3.32596028E-5 1.18428659E-4
4.65250015 2.50005722E-3 1.09464723E-4 2.66625648E-5 1.17331139E-4
4.65750027 2.4998188E-3 1.51202868E-4 2.99858111E-5 1.17331139E-4
4.6624999 2.50005722E-3 1.04316336E-4 2.40787831E-5 1.17331139E-4
4.66750002 2.50005722E-3 6.8784524E-5 2.80023105E-5 1.1624724E-4
4.67250013 2.50005722E-3 1.13690163E-4 2.77713025E-5 1.1624724E-4
4.67749977 2.4998188E-3 1.38155228E-4 2.86373579E-5 1.1624724E-4
4.68249989 2.50005722E-3 1.39845768E-4 2.84269099E-5 1.15176728E-4
4.6875 2.50005722E-3 1.22650075E-4 2.64282098E-5 1.15176728E-4
4.69250011 2.50005722E-3 1.4466884E-4 3.20383151E-5 1.15176728E-4
4.69750023 2.4998188E-3 8.66465271E-5 3.5653331E-5 1.14119408E-4
4.70249987 2.50005722E-3 1.24734492E-4 2.38310968E-5 1.14119408E-4
4.70749998 2.50005722E-3 1.18615972E-4 3.06065958E-5 1.14119408E-4
4.7125001 2.50005722E-3 1.30661545E-4 2.98475643E-5 1.13075104E-4
4.72000027 4.99987602E-3 7.41966287E-5 1.96812762E-5 1.13075104E-4
4.72749996 2.50005722E-3 5.86969436E-5 3.1502721E-5 1.12043592E-4
4.73250008 2.50005722E-3 1.42841716E-4 2.76797164E-5 1.12043592E-4
4.73750019 2.4998188E-3 9.66836087E-5 2.51394777E-5 1.12043592E-4
4.74249983 2.50005722E-3 1.21946789E-4 2.49921286E-5 1.11024659E-4
4.74749994 2.50005722E-3 7.33222987E-5 2.70454475E-5 1.11024659E-4
4.75250006 2.50005722E-3 9.40029349E-5 2.80343756E-5 1.11024659E-4
4.75750017 2.50005722E-3 8.2414881E-5 3.39124344E-5 1.10018133E-4
4.76249981 2.4998188E-3 1.48877167E-4 3.42543644E-5 1.10018133E-4
4.76749992 2.50005722E-3 1.56600465E-4 2.6357382E-5 1.10018133E-4
4.77250004 2.50005722E-3 7.28934901E-5 3.48156609E-5 1.09023837E-4
4.77750015 2.50005722E-3 1.01456557E-4 3.01181481E-5 1.09023837E-4
4.78250027 2.4998188E-3 7.94535881E-5 2.96772523E-5 1.09023837E-4
4.7874999 2.50005722E-3 9.71040936E-5 2.99086314E-5 1.0804156E-4
4.79250002 2.50005722E-3 1.34354472E-4 3.22333581E-5 1.0804156E-4
4.79750013 2.50005722E-3 1.01163707E-4 2.89940472E-5 1.0804156E-4
4.80500031 4.99987602E-3 8.58089406E-5 1.85624685E-5 1.07071137E-4
4.8125 2.50005722E-3 1.32596761E-4 3.05159101E-5 1.07071137E-4
4.81750011 2.50005722E-3 1.09569912E-4 2.2721717E-5 1.06112391E-4
4.82250023 2.4998188E-3 1.184719E-4 2.99190433E-5 1.06112391E-4
4.82749987 2.50005722E-3 1.0801891E-4 2.67480355E-5 1.06112391E-4
4.83249998 2.50005722E-3 1.34291433E-4 2.80617805E-5 1.05165149E-4
4.8375001 2.50005722E-3 6.54217511E-5 3.6137164E-5 1.05165149E-4
4.84249973 2.4998188E-3 1.21889389E-4 2.91640135E-5 1.05165149E-4
4.8499999 5.00011444E-3 7.96413515E-5 1.94536133E-5 1.04229206E-4
4.85750008 2.50005722E-3 1.42605306E-4 3.08478302E-5 1.04229206E-4
4.86250019 2.4998188E-3 1.122924E-4 2.51619203E-5 1.03304425E-4
4.86749983 2.50005722E-3 1.23248392E-4 3.46371562E-5 1.03304425E-4
4.87249994 2.50005722E-3 1.11103749E-4 2.89626987E-5 1.03304425E-4
4.87750006 2.50005722E-3 9.09796072E-5 2.73969927E-5 1.02390637E-4
4.88250017 2.50005722E-3 1.57737813E-4 3.04574623E-5 1.02390637E-4
4.88749981 2.4998188E-3 1.25725594E-4 3.13220917E-5 1.02390637E-4
4.89249992 2.50005722E-3 1.04248014E-4 3.14051904E-5 1.01487669E-4
4.9000001 5.00011444E-3 9.59901736E-5 1.69355972E-5 1.01487669E-4
4.90750027 2.4998188E-3 1.08763401E-4 2.84819907E-5 1.0059536E-4
4.9124999 2.50005722E-3 9.78908429E-5 2.42118967E-5 1.0059536E-4
4.91750002 2.50005722E-3 1.13192778E-4 2.49222485E-5 1.0059536E-4
4.92250013 2.50005722E-3 1.15243907E-4 3.26707122E-5 9.97135649E-5
4.92749977 2.4998188E-3 1.05860337E-4 2.82584169E-5 9.97135649E-5
4.93249989 2.50005722E-3 1.30137661E-4 2.81341563E-5 9.97135649E-5
4.9375 2.50005722E-3 1.1074332E-4 2.60307806E-5 9.88421307E-5
4.94250011 2.50005722E-3 9.77643649E-5 3.03765373E-5 9.88421307E-5
4.94750023 2.4998188E-3 1.16221127E-4 2.68345084E-5 9.88421307E-5
4.95249987 2.50005722E-3 1.39555152E-4 3.0203164E-5 9.79808756E-5
4.95749998 2.50005722E-3 1.36887655E-4 2.98727718E-5 9.79808756E-5
4.9625001 2.50005722E-3 1.15550545E-4 3.2882861E-5 9.79808756E-5
4.96749973 2.4998188E-3 7.92826759E-5 2.5893205E-5 9.71296759E-5
4.97249985 2.50005722E-3 9.39407473E-5 2.34652161E-5 9.71296759E-5
4.97749996 2.50005722E-3 1.0648738E-4 2.60829875E-5 9.71296759E-5
4.98499966 4.99987602E-3 1.10137793E-4 1.84486507E-5 9.62883933E-5
4.99249983 2.50005722E-3 1.11062422E-4 2.82716555E-5 9.62883933E-5
4.99749994 2.50005722E-3 8.24881354E-5 2.98033156E-5 9.54568532E-5
5.00250006 2.50005722E-3 7.57988819E-5 2.68103158E-5 9.54568532E-5
5.01000023 4.99987602E-3 8.52141457E-5 1.9938976E-5 9.50459071E-5
5.01749992 2.50005722E-3 7.3280069E-5 2.5424557E-5 9.46349319E-5
5.02250004 2.50005722E-3 1.37622686E-4 2.85094629E-5 9.46349319E-5
5.02750015 2.50005722E-3 9.92166024E-5 2.55950581E-5 9.38224985E-5
5.03250027 2.4998188E-3 1.19908829E-4 2.73611822E-5 9.38224985E-5
5.0374999 2.50005722E-3 1.68758328E-4 2.99546973E-5 9.38224985E-5
5.04250002 2.50005722E-3 1.07823624E-4 2.47415628E-5 9.30194146E-5
5.04750013 2.50005722E-3 1.03972001E-4 2.77891959E-5 9.30194146E-5
5.05249977 2.4998188E-3 7.70595507E-5 3.08841809E-5 9.30194146E-5
5.05999994 5.00011444E-3 5.42076014E-5 1.54314312E-5 9.22255203E-5
5.06999969 4.99987602E-3 8.73135432E-5 1.79392464E-5 9.1833128E-5
5.07749987 2.50005722E-3 1.08613771E-4 2.84200723E-5 9.14406992E-5
5.08249998 2.50005722E-3 1.15159128E-4 2.29079633E-5 9.14406992E-5
5.09000015 4.99987602E-3 7.98883048E-5 1.74104698E-5 9.0664842E-5
5.09749985 2.50005722E-3 1.35901893E-4 2.72712932E-5 9.0664842E-5
5.10249996 2.50005722E-3 1.1805533E-4 2.74635913E-5 8.98978033E-5
5.10750008 2.50005722E-3 1.04583189E-4 3.23982931E-5 8.98978033E-5
5.11499977 4.99987602E-3 7.583556E-5 2.19589347E-5 8.95186022E-5
5.12249994 2.50005722E-3 8.77324564E-5 3.33315656E-5 8.91394375E-5
5.12750006 2.50005722E-3 1.03398816E-4 2.45591855E-5 8.91394375E-5
5.13250017 2.50005722E-3 1.0120638E-4 2.91487631E-5 8.838965E-5
5.13749981 2.4998188E-3 1.1830678E-4 3.19728933E-5 8.838965E-5
5.14249992 2.50005722E-3 9.42655897E-5 2.32739658E-5 8.838965E-5
5.14750004 2.50005722E-3 1.03087492E-4 2.45801821E-5 8.76483173E-5
5.15250015 2.50005722E-3 7.87677491E-5 3.49183538E-5 8.76483173E-5
5.15750027 2.4998188E-3 8.23913506E-5 3.3512355E-5 8.76483173E-5
5.1624999 2.50005722E-3 9.03220862E-5 2.37720833E-5 8.69153009E-5
5.17000008 5.00011444E-3 7.79744296E-5 1.8963392E-5 8.69153009E-5
5.17749977 2.4998188E-3 1.04386374E-4 2.5893678E-5 8.61904991E-5
5.18249989 2.50005722E-3 1.23560138E-4 2.4023484E-5 8.61904991E-5
5.1875 2.50005722E-3 1.16178162E-4 2.73105707E-5 8.61904991E-5
5.19250011 2.50005722E-3 7.50738182E-5 3.02473854E-5 8.547381E-5
5.19750023 2.4998188E-3 7.85776501E-5 2.75410293E-5 8.547381E-5
5.20249987 2.50005722E-3 1.01925762E-4 2.19300382E-5 8.547381E-5
5.20749998 2.50005722E-3 1.07269756E-4 2.48005817E-5 8.47650954E-5
5.2125001 2.50005722E-3 4.97743567E-5 3.07057999E-5 8.47650954E-5
5.21749973 2.4998188E-3 1.17840515E-4 2.90106691E-5 8.47650954E-5
5.22249985 2.50005722E-3 1.15832452E-4 2.55343602E-5 8.40642533E-5
5.22749996 2.50005722E-3 5.42310227E-5 2.96358139E-5 8.40642533E-5
5.23499966 4.99987602E-3 5.48558237E-5 2.00875002E-5 8.37177213E-5
5.24499989 5.00011444E-3 6.49042267E-5 1.46685334E-5 8.33711674E-5
5.25250006 2.50005722E-3 1.50912398E-4 3.10722244E-5 8.26857504E-5
5.25750017 2.50005722E-3 7.72664062E-5 3.12414923E-5 8.26857504E-5
5.26249981 2.4998188E-3 1.1807018E-4 2.61813184E-5 8.26857504E-5
5.26749992 2.50005722E-3 9.46012224E-5 2.63206366E-5 8.20078712E-5
5.2750001 5.00011444E-3 4.85378769E-5 2.12337018E-5 8.20078712E-5
5.28250027 2.4998188E-3 1.19395409E-4 2.6793663E-5 8.13374354E-5
5.28999996 5.00011444E-3 4.55261106E-5 1.78611663E-5 8.13374354E-5
5.29750013 2.50005722E-3 7.71344639E-5 2.58158652E-5 8.06743556E-5
5.30249977 2.4998188E-3 8.04602969E-5 2.55530667E-5 8.06743556E-5
5.30749989 2.50005722E-3 8.63288806E-5 3.27501184E-5 8.06743556E-5
5.3125 2.50005722E-3 1.26073472E-4 3.22511369E-5 8.00185153E-5
5.31750011 2.50005722E-3 8.17522596E-5 3.04358655E-5 8.00185153E-5
5.32250023 2.4998188E-3 1.0233622E-4 2.70073597E-5 8.00185153E-5
5.32999992 5.00011444E-3 7.35519061E-5 1.91416821E-5 7.93698127E-5
5.34000015 4.99987602E-3 8.7682427E-5 1.63082259E-5 7.90490012E-5
5.34749985 2.50005722E-3 7.46628357E-5 2.68693857E-5 7.87281533E-5
5.35500002 5.00011444E-3 7.50319814E-5 1.59274459E-5 7.84108051E-5
5.36499977 4.99987602E-3 2.54921215E-5 2.27388009E-5 7.8093457E-5
5.37249994 2.50005722E-3 9.30066526E-5 2.85045298E-5 7.74656073E-5
5.38000011 5.00011444E-3 3.64984371E-5 2.04978878E-5 7.74656073E-5
5.38749981 2.4998188E-3 1.23803431E-4 2.75485254E-5 7.6844517E-5
5.39249992 2.50005722E-3 8.74242833E-5 2.54389579E-5 7.6844517E-5
5.4000001 5.00011444E-3 4.26191473E-5 1.99495535E-5 7.65373188E-5
5.40999985 4.99987602E-3 7.114451E-5 1.79018316E-5 7.62301133E-5
5.41750002 2.50005722E-3 1.03527527E-4 2.87165203E-5 7.56222944E-5
5.42250013 2.50005722E-3 1.57145201E-4 2.72838006E-5 7.56222944E-5
5.42749977 2.4998188E-3 1.05778512E-4 2.98610357E-5 7.56222944E-5
5.43249989 2.50005722E-3 4.90816637E-5 3.46577945E-5 7.50209583E-5
5.44000006 5.00011444E-3 1.00595418E-4 1.82101739E-5 7.50209583E-5
5.44750023 2.4998188E-3 9.88275206E-5 3.15724428E-5 7.44260251E-5
5.45499992 5.00011444E-3 6.0679442E-5 1.6544238E-5 7.44260251E-5
5.46500015 4.99987602E-3 6.5047534E-5 2.054982E-5 7.38374292E-5
5.47249985 2.50005722E-3 9.90758199E-5 2.92700279E-5 7.38374292E-5
5.48000002 5.00011444E-3 7.84424119E-5 1.7870625E-5 7.32550689E-5
5.48999977 4.99987602E-3 5.33826569E-5 2.14551692E-5 7.29669482E-5
5.5 5.00011444E-3 6.86174826E-5 1.90966639E-5 7.26788567E-5
5.50750017 2.50005722E-3 8.13580118E-5 2.73029618E-5 7.21087126E-5
5.51249981 2.4998188E-3 1.28177577E-4 2.67865817E-5 7.21087126E-5
5.51749992 2.50005722E-3 1.00404126E-4 2.38160937E-5 7.21087126E-5
5.5250001 5.00011444E-3 8.37659172E-5 1.70882904E-5 7.15445785E-5
5.53250027 2.4998188E-3 8.25630996E-5 2.67039741E-5 7.15445785E-5
5.53999996 5.00011444E-3 6.65584012E-5 1.90856208E-5 7.09863452E-5
5.55000019 4.99987602E-3 4.63343276E-5 1.62259948E-5 7.07101572E-5
5.55749989 2.50005722E-3 7.02825855E-5 3.04908353E-5 7.04339473E-5
5.56500006 5.00011444E-3 6.67768691E-5 1.50676869E-5 7.01606405E-5
5.57250023 2.4998188E-3 7.42441916E-5 3.21814296E-5 6.98873264E-5
5.57749987 2.50005722E-3 9.6411597E-5 2.63950678E-5 6.98873264E-5
5.58500004 5.00011444E-3 4.94340602E-5 1.84550681E-5 6.9346388E-5
5.59249973 2.4998188E-3 1.15831805E-4 3.16049736E-5 6.9346388E-5
5.5999999 5.00011444E-3 6.84068364E-5 1.99088117E-5 6.88110522E-5
5.60750008 2.50005722E-3 1.0119436E-4 2.17478755E-5 6.88110522E-5
5.61250019 2.4998188E-3 1.28248299E-4 3.26550289E-5 6.82812533E-5
5.61749983 2.50005722E-3 7.04094782E-5 2.84581456E-5 6.82812533E-5
5.625 5.00011444E-3 4.69846236E-5 2.13801504E-5 6.80190933E-5
5.63500023 4.99987602E-3 5.82667453E-5 1.84470409E-5 6.77569333E-5
5.64499998 5.00011444E-3 5.99654595E-5 1.77497004E-5 6.72379974E-5
5.65250015 2.50005722E-3 9.71901609E-5 2.58036725E-5 6.72379974E-5
5.65750027 2.4998188E-3 1.27128646E-4 2.7841972E-5 6.67243876E-5
5.66499996 5.00011444E-3 4.60556839E-5 1.61956013E-5 6.67243876E-5
5.67500019 4.99987602E-3 8.63106252E-5 1.87317455E-5 6.62160528E-5
5.68499994 5.00011444E-3 7.75665176E-5 1.48194831E-5 6.59644793E-5
5.69250011 2.50005722E-3 1.34111076E-4 2.56357853E-5 6.57128985E-5
5.69999981 4.99987602E-3 4.62314165E-5 2.07942267E-5 6.54638716E-5
5.70749998 2.50005722E-3 1.26740371E-4 3.03288834E-5 6.52148665E-5
5.71500015 4.99987602E-3 3.82496837E-5 1.7591412E-5 6.49683934E-5
5.72249985 2.50005722E-3 3.66954009E-5 3.30207149E-5 6.47218985E-5
5.72749996 2.50005722E-3 1.22720696E-4 2.38272751E-5 6.47218985E-5
5.73250008 2.50005722E-3 1.01211226E-4 2.24565956E-5 6.42339219E-5
5.73750019 2.4998188E-3 7.03598271E-5 2.92856639E-5 6.42339219E-5
5.74499989 5.00011444E-3 5.72127647E-5 1.85888384E-5 6.39924037E-5
5.75250006 2.50005722E-3 1.08903005E-4 2.62510257E-5 6.37508783E-5
5.75750017 2.50005722E-3 9.84532235E-5 2.93150788E-5 6.37508783E-5
5.76500034 4.99987602E-3 6.96585776E-5 1.99242495E-5 6.32727024E-5
5.7750001 5.00011444E-3 7.7176599E-5 1.74773886E-5 6.30360228E-5
5.78250027 2.4998188E-3 3.30013245E-5 3.6238871E-5 6.27993359E-5
5.78999996 5.00011444E-3 5.23380368E-5 1.82944386E-5 6.25650282E-5
5.80000019 4.99987602E-3 6.06636495E-5 1.54826885E-5 6.23307205E-5
5.80999994 5.00011444E-3 7.00374949E-5 1.73060853E-5 6.18667909E-5
5.81999969 4.99987602E-3 4.75373126E-5 1.83041393E-5 6.16371472E-5
5.82999992 5.00011444E-3 3.57600475E-5 1.87678088E-5 6.14074816E-5
5.84000015 4.99987602E-3 5.12078113E-5 2.12365194E-5 6.0952756E-5
5.8499999 5.00011444E-3 6.5906941E-5 1.7458533E-5 6.07276488E-5
5.85999966 4.99987602E-3 5.26611329E-5 1.99291208E-5 6.05025416E-5
5.86999989 5.00011444E-3 3.3295375E-5 1.74046691E-5 6.00567801E-5
5.88000011 5.00011444E-3 6.24755485E-5 1.5222965E-5 5.98361003E-5
5.89000034 4.99987602E-3 6.70280497E-5 1.84888686E-5 5.96154205E-5
5.89750004 2.50005722E-3 1.29390741E-4 3.14968893E-5 5.91784155E-5
5.90499973 4.99987602E-3 4.43386707E-5 2.00567374E-5 5.91784155E-5
5.91499996 5.00011444E-3 6.33935779E-5 1.61265034E-5 5.87456962E-5
5.92250013 2.50005722E-3 9.86899395E-5 3.15290745E-5 5.87456962E-5
5.93000031 4.99987602E-3 3.83495208E-5 1.84470518E-5 5.83172223E-5
5.94000006 5.00011444E-3 5.72229983E-5 1.88212616E-5 5.81050845E-5
5.94999981 4.99987602E-3 5.81174063E-5 1.73420121E-5 5.7892943E-5
5.96000004 5.00011444E-3 5.59212785E-5 1.98283306E-5 5.74728037E-5
5.97000027 4.99987602E-3 8.36486506E-5 1.84940327E-5 5.72647659E-5
5.98000002 5.00011444E-3 4.6029174E-5 1.86077668E-5 5.70567463E-5
5.98999977 4.99987602E-3 4.99324815E-5 1.66801856E-5 5.66443086E-5
6 5.00011444E-3 6.11887372E-5 1.77543916E-5 5.64400907E-5
6.01000023 4.99987602E-3 5.70220072E-5 1.82309595E-5 5.62358728E-5
6.01999998 5.00011444E-3 6.42776649E-5 1.38474779E-5 5.58317952E-5
6.02999973 4.99987602E-3 3.51772032E-5 1.92449315E-5 5.563171E-5
6.03999996 5.00011444E-3 3.07839073E-5 2.11336665E-5 5.54316066E-5
6.05000019 4.99987602E-3 5.01145405E-5 1.48596409E-5 5.50352706E-5
6.05999994 5.00011444E-3 4.24905957E-5 1.82921576E-5 5.48390053E-5
6.06999969 4.99987602E-3 4.68592589E-5 2.25429412E-5 5.46427364E-5
6.07999992 5.00011444E-3 3.76987919E-5 1.57283721E-5 5.42539492E-5
6.0875001 2.50005722E-3 1.13775845E-4 2.74413815E-5 5.42539492E-5
6.09500027 4.99987602E-3 5.18537963E-5 1.99153801E-5 5.38688691E-5
6.10249996 2.50005722E-3 8.37018742E-5 3.30990879E-5 5.38688691E-5
6.10999966 4.99987602E-3 6.26752008E-5 1.55603484E-5 5.34874598E-5
6.11999989 5.00011444E-3 3.37338861E-5 1.78086011E-5 5.3298565E-5
6.13000011 5.00011444E-3 5.69981203E-5 1.7150096E-5 5.31096666E-5
6.14000034 4.99987602E-3 4.12341797E-5 1.82482636E-5 5.27354532E-5
6.1500001 5.00011444E-3 7.2393188E-5 1.92922744E-5 5.25501164E-5
6.15750027 2.4998188E-3 4.30808359E-5 3.55872689E-5 5.23647795E-5
6.16499996 5.00011444E-3 5.00937313E-5 1.92616972E-5 5.21811889E-5
6.17500019 4.99987602E-3 6.42114828E-5 1.55436519E-5 5.19975983E-5
6.18499994 5.00011444E-3 2.12801206E-5 2.0614767E-5 5.1633866E-5
6.19499969 4.99987602E-3 5.74653459E-5 1.67357775E-5 5.14537132E-5
6.20499992 5.00011444E-3 2.37598579E-5 2.23663264E-5 5.12735423E-5
6.21500015 4.99987602E-3 5.76401799E-5 2.04712451E-5 5.09165984E-5
6.2249999 5.00011444E-3 5.0537983E-5 1.95709235E-5 5.07397926E-5
6.23499966 4.99987602E-3 6.9529553E-5 1.65648235E-5 5.05629869E-5
6.24499989 5.00011444E-3 4.41823395E-5 1.97645932E-5 5.02126604E-5
6.25500011 5.00011444E-3 4.18979034E-5 1.95413304E-5 5.00391252E-5
6.26500034 4.99987602E-3 5.63888461E-5 1.83908232E-5 4.986559E-5
6.27250004 2.50005722E-3 1.20387638E-4 2.93538342E-5 4.95217428E-5
6.27999973 4.99987602E-3 5.66502313E-5 2.07961402E-5 4.95217428E-5
6.28999996 5.00011444E-3 1.69606647E-5 2.08217389E-5 4.91810715E-5
6.30000019 4.99987602E-3 6.46875778E-5 2.03287291E-5 4.9012313E-5
6.30999994 5.00011444E-3 5.25764735E-5 1.75584555E-5 4.88435398E-5
6.31999969 4.99987602E-3 7.15122005E-5 2.02378324E-5 4.85091223E-5
6.32999992 5.00011444E-3 5.98724182E-5 2.05662982E-5 4.83434487E-5
6.34000015 4.99987602E-3 5.34138017E-5 1.7085722E-5 4.81777752E-5
6.3499999 5.00011444E-3 3.84330706E-5 2.00622053E-5 4.78494549E-5
6.35999966 4.99987602E-3 2.76123719E-5 2.00908162E-5 4.76868045E-5
6.36999989 5.00011444E-3 5.04924283E-5 1.70888834E-5 4.75241359E-5
6.38000011 5.00011444E-3 5.79596599E-5 1.90863084E-5 4.72017928E-5
6.39000034 4.99987602E-3 5.90003438E-5 2.20038655E-5 4.70420746E-5
6.4000001 5.00011444E-3 3.71829847E-5 1.87763872E-5 4.6882371E-5
6.40999985 4.99987602E-3 3.22259039E-5 1.91059225E-5 4.65658522E-5
6.42000008 5.00011444E-3 4.89132508E-5 1.79751914E-5 4.64090263E-5
6.43000031 4.99987602E-3 8.78686697E-5 2.08641522E-5 4.62522039E-5
6.44000006 5.00011444E-3 4.47487946E-5 1.57355025E-5 4.59413859E-5
6.44999981 4.99987602E-3 7.42234915E-5 2.15519158E-5 4.57873684E-5
6.46249962 7.49993324E-3 1.81978285E-5 1.49690877E-5 4.55316222E-5
6.4749999 5.00011444E-3 6.26398105E-5 2.07435114E-5 4.53281173E-5
6.48499966 4.99987602E-3 5.51255798E-5 1.95008106E-5 4.50256084E-5
6.49749994 7.50017166E-3 1.46191678E-5 1.61946791E-5 4.48257415E-5
6.51000023 4.99987602E-3 5.86797114E-6 2.22192248E-5 4.45772494E-5
6.51999998 5.00011444E-3 7.7284807E-5 1.88767081E-5 4.44286779E-5
6.52999973 4.99987602E-3 3.21430198E-5 2.00748364E-5 4.41342054E-5
6.53999996 5.00011444E-3 5.46736374E-5 1.79416766E-5 4.39882788E-5
6.55000019 4.99987602E-3 3.10189935E-5 1.99306851E-5 4.38423485E-5
6.5625 7.50017166E-3 4.54638684E-5 1.36595072E-5 4.35530746E-5
6.57499981 4.99987602E-3 4.15069335E-5 1.85168974E-5 4.32663655E-5
6.58500004 5.00011444E-3 7.5572585E-5 2.31093254E-5 4.3124277E-5
6.59500027 4.99987602E-3 3.4211258E-5 2.06683799E-5 4.29821885E-5
6.60500002 5.00011444E-3 5.68301257E-5 1.61705048E-5 4.27005143E-5
6.61499977 4.99987602E-3 4.64972218E-5 2.07448702E-5 4.25609069E-5
6.625 5.00011444E-3 3.92108632E-5 1.87274982E-5 4.2421314E-5
6.63749981 7.49993324E-3 5.08447738E-6 1.68372317E-5 4.2144562E-5
6.6500001 5.00011444E-3 4.33806854E-5 1.76256563E-5 4.1870233E-5
6.65999985 4.99987602E-3 4.56670568E-5 1.73819335E-5 4.17342599E-5
6.67249966 7.49993324E-3 1.74659599E-5 1.47121555E-5 4.15084469E-5
6.6875 7.50017166E-3 2.5644471E-5 1.64054145E-5 4.12396585E-5
6.69999981 4.99987602E-3 3.86518695E-5 1.92262414E-5 4.10615103E-5
6.71000004 5.00011444E-3 4.83497533E-5 2.10611834E-5 4.07966108E-5
6.72000027 4.99987602E-3 3.47560454E-5 2.08777692E-5 4.0665298E-5
6.73000002 5.00011444E-3 6.13363227E-5 1.84969758E-5 4.05339961E-5
6.74250031 7.49993324E-3 -4.60609635E-6 1.75068544E-5 4.02736514E-5
6.75500011 5.00011444E-3 3.19068713E-5 2.04475928E-5 4.00155513E-5
6.76500034 4.99987602E-3 -1.74348006E-5 2.67114119E-5 3.98876036E-5
6.77750015 7.49993324E-3 3.31625779E-5 1.77853653E-5 3.96751093E-5
6.78999996 5.00011444E-3 3.13677447E-6 2.48188717E-5 3.95059797E-5
6.80000019 4.99987602E-3 5.25912001E-5 1.70543735E-5 3.92544644E-5
6.8125 7.50017166E-3 5.17889493E-5 1.34840502E-5 3.90882196E-5
6.82499981 4.99987602E-3 6.02174659E-5 2.229456E-5 3.88814697E-5
6.83749962 7.49993324E-3 2.17458382E-5 1.53529327E-5 3.86761458E-5
6.8499999 5.00011444E-3 6.21834915E-5 1.37532352E-5 3.85127096E-5
6.85999966 4.99987602E-3 6.79183577E-5 1.43697071E-5 3.82696526E-5
6.87249994 7.50017166E-3 2.52977388E-5 1.35201635E-5 3.81089849E-5
6.88749981 7.49993324E-3 3.52514348E-6 1.70801068E-5 3.78693403E-5
6.9000001 5.00011444E-3 5.91261924E-5 1.99559763E-5 3.76712051E-5
6.90999985 4.99987602E-3 4.70131417E-5 1.89708317E-5 3.75527306E-5
6.92249966 7.49993324E-3 2.75909078E-5 1.39164822E-5 3.73177718E-5
6.93499994 5.00011444E-3 4.96524735E-5 2.37133536E-5 3.70847847E-5
6.94750023 7.49993324E-3 1.49299549E-5 1.73511471E-5 3.69307636E-5
6.96000004 5.00011444E-3 4.33951973E-5 2.19253943E-5 3.67391949E-5
6.97000027 4.99987602E-3 7.08060088E-6 2.47622556E-5 3.66246459E-5
6.98000002 5.00011444E-3 4.31734843E-5 1.81573687E-5 3.63974541E-5
6.98999977 4.99987602E-3 4.04125385E-5 1.9768122E-5 3.62847968E-5
7.00250006 7.50017166E-3 3.70509842E-5 1.34460124E-5 3.60976701E-5
7.01749992 7.49993324E-3 5.18648449E-7 2.054994E-5 3.58748512E-5
7.02999973 4.99987602E-3 5.91217904E-5 1.68085189E-5 3.57271347E-5
7.04500008 9.99999046E-3 -3.33864273E-6 1.4926838E-5 3.54529075E-5
7.0625 7.50017166E-3 2.23137849E-5 1.67906055E-5 3.52174029E-5
7.07499981 4.99987602E-3 1.53482779E-5 2.54203896E-5 3.50733135E-5
7.08749962 7.49993324E-3 1.89236998E-5 1.75034038E-5 3.48589492E-5
7.0999999 5.00011444E-3 3.8764756E-5 2.73814476E-5 3.46463421E-5
7.11250019 7.49993324E-3 3.52903226E-5 1.64335179E-5 3.44913096E-5
7.12750006 7.50017166E-3 3.95322459E-5 1.63561926E-5 3.4260167E-5
7.14249992 7.49993324E-3 2.37761888E-5 1.57427476E-5 3.40453844E-5
7.15999985 9.99999046E-3 2.82777055E-5 1.2105409E-5 3.3822449E-5
7.17749977 7.49993324E-3 3.35987424E-5 1.65248657E-5 3.35675213E-5
7.19000006 5.00011444E-3 6.52519811E-5 2.16005192E-5 3.33655589E-5
7.20499992 9.99999046E-3 2.03633572E-5 1.429448E-5 3.32153068E-5
7.22249985 7.49993324E-3 1.4541889E-5 1.81246141E-5 3.29665054E-5
7.23499966 4.99987602E-3 3.21420302E-5 2.4362982E-5 3.27693851E-5
7.25 1.00002289E-2 1.95649754E-5 1.48660092E-5 3.26227273E-5
7.26749992 7.49993324E-3 -5.14939438E-6 2.14213014E-5 3.23798631E-5
7.28499985 9.99999046E-3 1.28487854E-5 1.48006593E-5 3.21397129E-5
7.30500031 9.99999046E-3 7.29481962E-6 1.57449285E-5 3.19018545E-5
7.32250023 7.49993324E-3 -3.40451734E-5 2.35837779E-5 3.16819205E-5
7.33749962 7.49993324E-3 -2.51134697E-5 2.43177292E-5 3.14950412E-5
7.35249996 7.50017166E-3 4.71574867E-6 2.00535542E-5 3.13096425E-5
7.36750031 7.49993324E-3 -1.44449432E-5 2.16015324E-5 3.1125699E-5
7.38249969 7.49993324E-3 -1.43647248E-5 2.70968594E-5 3.0943218E-5
7.39499998 5.00011444E-3 -2.61618607E-6 3.20491163E-5 3.07922601E-5
7.40750027 7.49993324E-3 4.11934798E-6 2.34144391E-5 3.0642248E-5
7.42000008 5.00011444E-3 -3.33698918E-5 3.51401577E-5 3.05228095E-5
7.43249989 7.49993324E-3 -8.77022903E-5 3.32539094E-5 3.03450524E-5
7.44750023 7.49993324E-3 -1.05670326E-4 3.34209581E-5 3.01686869E-5
7.46000004 5.00011444E-3 -3.95907846E-5 3.7345173E-5 2.99936946E-5
7.47249985 7.49993324E-3 -6.34431271E-5 3.16348378E-5 2.9877936E-5
7.48999977 9.99999046E-3 -4.05456922E-5 2.21963364E-5 2.96908493E-5
7.51000023 9.99999046E-3 -5.34554565E-5 2.34066374E-5 2.94344227E-5
7.52750015 7.49993324E-3 -5.58642641E-5 2.79654887E-5 2.92511013E-5
7.54250002 7.50017166E-3 -2.09803711E-5 2.77403306E-5 2.9083214E-5
7.55749989 7.49993324E-3 -5.86080341E-6 2.32344428E-5 2.89166219E-5
7.56999969 4.99987602E-3 -1.49403422E-5 3.47524146E-5 2.88061347E-5
7.57999992 5.00011444E-3 5.97259077E-6 3.30225303E-5 2.86416689E-5
7.59249973 7.49993324E-3 2.15970031E-5 2.20023812E-5 2.85328679E-5
7.60999966 9.99999046E-3 -1.77881138E-5 1.98289945E-5 2.83569989E-5
7.62750006 7.50017166E-3 1.57462655E-5 2.21841165E-5 2.81557877E-5
7.64249992 7.49993324E-3 7.13943882E-6 2.25633794E-5 2.79962896E-5
7.65750027 7.49993324E-3 1.20844215E-5 1.95778939E-5 2.78380066E-5
7.67249966 7.49993324E-3 -3.85378735E-6 2.52292903E-5 2.76809242E-5
7.6875 7.50017166E-3 5.55511178E-6 2.24957003E-5 2.75250277E-5
7.70250034 7.49993324E-3 1.94912882E-5 2.2050066E-5 2.73703099E-5
7.72000027 9.99999046E-3 -2.44922048E-5 2.00682007E-5 2.71786248E-5
7.73750019 7.49993324E-3 9.76670526E-6 2.24178002E-5 2.70138917E-5
7.75 5.00011444E-3 1.27182293E-5 3.44439432E-5 2.69130596E-5
7.76249981 7.49993324E-3 2.48594006E-5 2.09793343E-5 2.67629439E-5
7.7750001 5.00011444E-3 2.56319418E-5 3.16771511E-5 2.66139523E-5
7.78499985 4.99987602E-3 2.27576256E-5 3.4740875E-5 2.65400104E-5
7.79749966 7.49993324E-3 -2.46666968E-5 2.67122214E-5 2.64171504E-5
7.80999994 5.00011444E-3 5.43124443E-5 3.12665361E-5 2.6319296E-5
7.81999969 4.99987602E-3 -2.14093689E-5 3.84663617E-5 2.61736113E-5
7.83249998 7.50017166E-3 -1.75161367E-5 3.24370594E-5 2.60772104E-5
7.84500027 4.99987602E-3 -3.21790139E-5 4.75915731E-5 2.59572407E-5
7.85500002 5.00011444E-3 -5.55579754E-6 3.62233623E-5 2.5885478E-5
7.86499977 4.99987602E-3 -6.53660318E-5 4.90892999E-5 2.57430074E-5
7.87249994 2.50005722E-3 -7.01249155E-5 8.42381269E-5 2.57430074E-5
7.88249969 7.49993324E-3 -1.95099332E-4 4.78999391E-5 2.56015919E-5
7.89499998 5.00011444E-3 -2.10432423E-4 6.81207312E-5 2.54612169E-5
7.90499973 4.99987602E-3 -2.49239441E-4 6.78368815E-5 2.53915496E-5
7.9124999 2.50005722E-3 -5.5655797E-5 9.82707279E-5 2.5321875E-5
7.92000008 5.00011444E-3 -1.87911777E-4 6.31718867E-5 2.52527152E-5
7.92749977 2.4998188E-3 -1.81489304E-4 1.03282749E-4 2.51835572E-5
7.93249989 2.50005722E-3 -5.17754932E-4 1.3755406E-4 2.51835572E-5
7.9375 2.50005722E-3 -5.01714763E-4 1.34506263E-4 2.50462526E-5
7.94250011 2.50005722E-3 -5.11470425E-4 1.30896078E-4 2.50462526E-5
7.94750023 2.4998188E-3 -4.07467596E-4 1.19538105E-4 2.50462526E-5
7.95499992 5.00011444E-3 -3.68331763E-4 8.79421277E-5 2.49099521E-5
7.9625001 2.50005722E-3 -5.41564776E-4 1.41774872E-4 2.49099521E-5
7.96749973 2.4998188E-3 -2.28044606E-4 1.31349239E-4 2.47746448E-5
7.97249985 2.50005722E-3 -5.64304297E-4 1.54948852E-4 2.47746448E-5
7.98000002 5.00011444E-3 -6.14754681E-4 1.01444908E-4 2.47074859E-5
7.98750019 2.4998188E-3 -3.945996E-4 1.26137689E-4 2.4640327E-5
7.99249983 2.50005722E-3 -5.99797117E-4 1.4383388E-4 2.4640327E-5
